	11B-T1-3	11B-T1-6	11B-T1-9	8-T1-3	8-T1-6	8-T1-9	Ex45-T1-3	Ex45-T1-6	Ex45-T1-9	HP-T1-3	HP-T1-6	HP-T1-9	RC-T1-3	RC-T1-6	RC-T1-9	RP-T1-3	RP-T1-6	RP-T1-9	SC-T1-3	SC-T1-6	SC-T1-9	UAB-T1-3	UAB-T1-6	UAB-T1-9
Glycine, serine and threonine metabolism	90264	84395	53066	76956	39903	76354	65282	64087	50826	144276	137162	172271	56015	47241	45066	387374	246545	158958	117753	74092	75776	64950	185050	93670
Cysteine and methionine metabolism	93406	93760	62253	80495	46987	87885	65618	68736	55386	131580	139748	157095	67765	56242	56586	354800	225405	145272	117375	80260	78113	68761	182420	94991
Lysine biosynthesis	31751	28758	17754	25847	14546	26260	21902	22292	17057	50569	50793	66440	21523	18515	17574	148236	95927	59967	41042	24607	26177	22451	65787	33317
Butanoate metabolism	84422	78470	51874	68938	38259	71364	60223	60530	47590	117922	107330	143150	55637	46201	42750	307254	211509	138877	104952	70120	70433	59732	162535	82014
Propanoate metabolism	70278	60907	40287	56649	30974	57141	48539	48421	37088	105451	94854	122300	50203	40396	39609	289831	181467	121725	92186	56835	56984	48550	127886	65246
Glycerolipid metabolism	39852	38683	23164	33693	17733	33861	29973	30023	20953	60732	61231	82280	30313	24725	21997	190887	136717	85828	58857	33294	35948	30917	86249	44023
Pentose and glucuronate interconversions	31441	31628	15546	25857	11005	24597	23005	21826	15251	37230	33764	45983	13557	11198	9221	122572	78453	47981	37446	22684	23366	23425	75915	40219
Fructose and mannose metabolism	43173	42203	23794	34272	16798	36049	31933	31667	24536	58825	62141	79582	24225	20669	18104	185337	119745	75174	54221	37089	36903	32441	100878	52119
Inositol phosphate metabolism	25853	28887	17797	25830	13364	23828	21182	21142	14828	32456	32624	39351	17532	15471	13903	95580	59181	38886	39981	23802	24786	23079	64322	34875
Streptomycin biosynthesis	21415	21859	12751	18959	9784	19775	15895	15799	11757	29079	36748	40013	11681	10300	9608	96527	59015	37609	26762	18875	18744	16724	47386	24823
Ascorbate and aldarate metabolism	12113	10816	6490	10185	4188	9582	9257	8788	6135	17534	14534	18489	5793	4495	5134	54141	30878	19724	16129	10732	10487	8639	28050	13452
Amino sugar and nucleotide sugar metabolism	87451	87532	50091	73737	37971	82614	59594	63638	46320	124781	141143	170746	53644	47731	45699	392160	244429	152764	116322	72967	68442	64365	185674	94581
O-Antigen nucleotide sugar biosynthesis	39174	38146	22675	33824	17387	37234	26280	28161	19272	58129	77462	89925	24224	22009	22265	188762	115820	71637	51206	34209	30673	28264	82797	41849
Histidine metabolism	33568	30104	17339	26351	13626	26129	22697	22131	17681	49116	51470	65520	21203	17278	16895	138608	88971	58464	43457	24991	26362	23339	64323	33448
Phenylalanine, tyrosine and tryptophan biosynthesis	43664	40022	25544	35900	20173	36562	29485	29778	23759	66411	75772	93882	30305	25497	25171	193224	129824	83140	58791	34693	35810	31843	88579	45082
Glyoxylate and dicarboxylate metabolism	133137	131938	87207	114359	64645	114794	98101	101193	78301	186470	185854	225845	87275	76344	72641	497629	307178	206108	172677	115744	119897	102946	265915	136580
Glycolysis / Gluconeogenesis	116449	115970	73748	98711	53535	104355	82420	83720	66861	158406	170429	210377	70720	59809	56705	439712	293085	191339	140780	97042	95715	85261	238260	123204
Pyruvate metabolism	133679	124414	80078	108380	59390	113047	94252	94776	74666	184614	186935	236484	83060	69145	65565	515773	340570	226660	163835	108060	111611	95552	259608	132862
HIF-1 signaling pathway	24500	24731	16305	21230	12312	23638	17863	18610	16027	34638	36992	42270	15491	13398	13010	94352	58578	39314	30002	23721	23828	18961	47830	25419
Glucagon signaling pathway	31025	28449	17398	25059	13739	25819	19632	19144	13949	36719	43958	53867	18145	15013	14717	96921	77607	48467	33647	20348	19023	20237	61285	31857
Central carbon metabolism in cancer	27726	26542	16299	23177	12770	23541	18676	18520	13297	32811	37281	45452	17873	15812	14085	92665	67926	42975	31054	20387	19703	18838	54908	28344
Exosome	238782	241025	161497	203321	121884	229595	167131	174092	144956	303388	331314	381928	158885	132137	131710	778487	532858	348623	282924	205606	198609	178042	457940	240731
Methane metabolism	79181	81342	54668	67871	40549	74674	60757	64060	52687	114728	120585	146275	53567	44917	42901	323590	207421	136044	105028	75715	77627	63528	166373	84861
Synthesis and degradation of ketone bodies	29258	25981	17256	22763	12805	23574	18356	17949	15044	34372	33489	44228	18802	15832	15304	77812	66185	42434	29573	20595	20796	19493	50078	25670
Valine, leucine and isoleucine degradation	83935	75557	48770	70967	41227	71068	58002	58628	44169	130994	118285	158873	65658	57030	50408	335094	229186	152898	115363	68028	69492	59861	154860	78508
Terpenoid backbone biosynthesis	59325	54615	36556	47298	29178	52238	37821	38469	31312	74123	81614	99365	39694	32664	31531	182914	145177	91714	66989	44494	43710	40901	109215	56179
AMPK signaling pathway	10863	12339	7967	9705	6374	11744	7526	7638	5796	11412	14166	18010	7946	6395	6713	26392	24676	15889	13282	7034	6108	8124	21948	11588
Bile secretion	983	908	915	784	889	1130	672	530	354	575	1161	1005	742	279	442	2736	3273	1906	1069	561	468	593	1193	614
Citrate cycle (TCA cycle)	81625	77469	48539	67893	35198	68106	56051	55922	43330	114787	114694	146727	49198	41863	41212	313698	202427	134993	99063	62099	60470	56370	156676	81070
Carbon fixation in photosynthetic organisms	59977	59839	39815	50906	29483	57458	43384	45629	37095	82869	94587	110549	39627	31467	30881	230860	149041	99994	73759	56676	58670	46365	118384	61548
Carbon fixation pathways in prokaryotes	96136	91401	59665	81432	45094	86454	66691	68185	57663	141279	141225	172775	65086	54095	53468	399432	242647	166233	116951	80598	81436	69354	178948	92239
Two-component system	250591	228130	139108	205834	99004	208905	172587	165269	126699	312406	420160	405951	164349	120308	147212	888994	619758	381988	270504	194207	177004	163877	501519	246134
PPAR signaling pathway	34876	32968	20534	28595	17403	31635	22595	22810	17362	49575	48278	66063	28347	25394	22149	120981	104927	69215	46523	25377	22971	23713	63741	32510
Glutathione metabolism	48007	46400	28608	40237	20927	41014	33017	33688	24095	55823	71384	84304	34179	26927	25514	164039	117273	73754	56410	40078	39072	33829	98364	48995
Peroxisome	31511	27599	15662	23032	11898	24572	18653	18518	14207	40593	38291	52348	21982	18129	18090	102152	81843	53627	34030	21031	20012	18667	57410	29088
Pentose phosphate pathway	67672	72593	47251	62169	33425	66451	52924	56411	40064	93927	100403	118630	48434	40488	36493	280649	172473	110788	92716	69224	69609	56448	151006	78357
Galactose metabolism	31761	32542	16598	25087	12085	23911	22818	22736	13354	39686	45437	60299	16207	14293	12121	148248	94773	57721	47139	24503	22058	23535	75631	38130
Steroid hormone biosynthesis	492	382	518	259	302	455	326	388	194	304	341	510	680	666	634	1341	1319	793	946	387	241	240	1042	426
Enzymes with EC numbers	287031	275706	173958	232979	118656	244105	210776	213915	156805	421054	423122	535026	191343	143551	153291	1273544	827688	527547	387619	248117	245413	210264	614033	315670
C5-Branched dibasic acid metabolism	24084	22459	15222	19711	11384	20330	18065	18051	15324	37339	35028	43100	15292	14633	12981	102235	60658	42062	33934	20675	22246	17263	45492	22780
Valine, leucine and isoleucine biosynthesis	35475	32798	21769	27074	16370	28481	24990	24876	21746	53071	58075	69067	22811	19666	18020	152203	93603	62999	47380	28056	31062	25266	68671	34780
Pantothenate and CoA biosynthesis	43497	40957	27188	35862	21271	40601	29933	31469	26134	67546	68096	78236	27977	24299	22910	177673	110026	73066	58007	36104	37211	31206	84905	43729
Tyrosine metabolism	32005	29001	17418	25187	12431	22716	21631	20262	14277	41444	41631	51568	17209	14593	15253	108648	80408	50808	42709	23730	22376	20766	62266	32498
Phenylalanine metabolism	58613	51156	32358	43691	23262	41781	38723	38818	25258	79268	72830	97027	35962	32299	29709	197145	160212	99981	78325	45723	43911	38809	107552	55156
Toluene degradation	5792	5547	3606	4357	2369	5274	4525	4485	2837	6390	6829	8566	4319	2677	3497	22026	14754	9155	8776	5127	5121	4527	11705	6184
Xylene degradation	6354	5300	3879	4687	2255	4069	4590	4651	3389	7889	6428	9749	4471	3840	2983	20805	17329	11623	8578	5050	6044	4445	10343	5058
Glycerophospholipid metabolism	44974	40178	25410	37698	18658	36374	32722	33144	23906	65572	64253	92544	31570	23319	23216	202585	145479	89214	60016	39162	38749	32909	98171	48332
Fatty acid biosynthesis	26575	24988	14712	23285	11411	25818	21149	21310	17259	48831	43513	50194	17317	11618	16238	160812	78274	53080	39886	28462	28646	20743	53804	27274
Biotin metabolism	14906	14245	9007	13814	6910	13870	13491	13463	10935	28261	27278	33405	10716	9018	9744	89396	39788	27390	24848	16800	19453	12798	32612	16639
Prodigiosin biosynthesis	9449	8330	5253	8116	3287	7731	8518	8530	6943	15006	13993	17588	5068	3682	6133	53945	26887	17818	14543	11003	12862	7783	19858	10038
Lipid biosynthesis proteins	50412	48256	28258	40394	23074	44991	39897	38134	28143	97587	78834	104300	44279	29973	30667	256948	151564	101182	76721	45702	46206	37238	99686	51698
Polyketide sugar unit biosynthesis	8236	7711	4926	7644	4470	8408	5853	6386	4107	11558	18956	18543	6105	5423	4826	45737	26577	15717	12203	8101	7834	5943	18306	8896
Purine metabolism	159961	150379	100472	131586	75901	143692	109036	112020	90022	218891	252903	277238	99319	83914	85884	595416	390686	250038	194123	134299	133705	114886	311683	160702
Benzoate degradation	57855	50738	34608	45165	23891	46034	42234	42338	31286	76208	65717	90776	42628	35894	33067	193915	137546	91302	78490	50610	53151	41148	105029	51581
Peptidoglycan biosynthesis	49344	47016	27141	45279	21370	44462	36294	37554	26168	87798	94829	122950	35256	29764	28139	271473	155935	98060	67547	45303	44694	38860	102542	53134
Peptidoglycan biosynthesis and degradation proteins	72124	66617	37806	67186	29386	66270	51754	53514	39628	126719	143653	182022	49714	38613	40595	397494	231070	141549	93594	65857	64654	53773	150355	75379
Secondary bile acid biosynthesis	89	55	25	40	25	31	15	21	10	111	163	182	604	589	429	361	785	474	378	10	22	97	59	28
Metabolism of xenobiotics by cytochrome P450	6101	6221	4270	4444	1958	4405	4629	4635	3772	5707	8339	7096	3603	2467	4067	19059	11848	7407	7248	5832	6267	4470	13133	6116
Riboflavin metabolism	18448	16963	11001	15600	8503	17322	12252	12965	11149	24611	26395	33135	10300	9200	8822	64371	48728	30455	21865	15551	16174	13208	35656	18618
Drug metabolism - other enzymes	37167	33603	22834	28456	16201	30923	24045	24509	20314	46011	50102	57168	21123	17125	18416	117911	85315	55223	41983	30439	29897	25160	69345	35579
Vitamin B6 metabolism	24120	23933	14920	21134	11810	21627	17741	17138	13332	30906	34496	41972	16860	14987	13500	80498	60211	38163	29072	18692	18948	18153	51811	25890
Chloroalkane and chloroalkene degradation	6099	7170	4733	6642	2934	5123	7641	6998	5812	13674	10642	15318	5521	4204	4094	39296	22548	15067	11719	8351	10232	6893	15585	7628
Fatty acid degradation	60323	52180	33064	47622	26168	49636	39643	39243	30613	87801	78714	106056	49270	41966	36948	216260	169613	112303	78959	46662	46477	40664	104765	51694
Retinol metabolism	1046	1379	976	859	607	1049	1440	1186	1291	1976	1922	2337	841	667	816	8093	3161	2870	1869	1712	2168	1136	2474	1329
Naphthalene degradation	1773	1972	1420	1147	752	1345	1789	1771	1409	2422	2610	2977	786	653	1040	9336	5057	3562	2675	1913	2258	1460	3438	1711
Drug metabolism - cytochrome P450	6751	6358	4638	4902	2364	5317	4750	4853	4036	7010	9698	7752	4794	3868	5034	23730	12003	8542	8435	6495	6932	4519	12189	5814
Chemical carcinogenesis	4622	4246	3063	3221	1305	3212	3107	3281	2376	3466	6103	3382	2778	1840	3320	8839	6183	3569	5046	4225	4304	2937	8796	3771
Lysine degradation	50384	41991	25781	38694	19164	35712	32965	31334	23768	68304	58425	79250	34819	27652	26405	170332	118405	79610	57714	35007	37452	33173	89743	45876
Arginine and proline metabolism	41187	38809	24066	33524	17313	33095	29335	31397	22501	64549	64588	73627	27012	23612	23204	192993	113073	74668	62047	36542	36572	30338	83885	43419
Tryptophan metabolism	67224	58687	37894	52367	27480	52348	44889	44824	32852	87690	80493	102977	49101	39308	38371	229567	165157	108525	84017	50904	51355	45529	122231	61900
beta-Alanine metabolism	20442	16784	10727	17002	8960	17479	13467	13479	10315	34166	26651	32557	16147	13228	11451	81033	53715	36518	28760	15589	15348	13139	37700	18493
Insect hormone biosynthesis	435	510	201	1019	172	266	255	182	186	2648	1127	1387	89	217	199	4734	1458	1407	845	233	350	327	897	497
Limonene and pinene degradation	7623	6088	4095	6047	2935	5592	4646	4874	2930	12923	8932	13061	8511	6260	6153	28127	22391	14563	12748	5313	5395	4687	13411	6590
Monobactam biosynthesis	16362	17142	11131	15039	8698	15913	12384	12423	10148	24757	27233	34106	12386	9897	10413	64610	42176	27311	22624	14386	14435	13008	35339	17884
Alzheimer disease	12418	9941	6095	8080	4079	8228	6873	6569	5833	11761	14254	14853	7827	5959	6063	30688	24518	15609	10889	8045	7780	6596	22522	9639
Pathogenic Escherichia coli infection	5968	5690	3400	4832	2410	4977	3959	3901	3376	7099	8272	8833	3387	2804	2667	18415	12501	8173	5765	5026	4790	4003	11097	5546
Salmonella infection	13630	14237	10139	12407	6954	13961	9723	9997	7800	15035	19055	19246	8549	7177	6628	37908	29003	18247	15030	11736	10215	9886	27088	13847
Membrane trafficking	33874	33637	23232	29373	16449	31991	24866	24653	21012	47678	60342	67249	21738	17060	16932	134541	92328	59364	41614	29970	30499	25466	70817	35813
Alanine, aspartate and glutamate metabolism	124325	123326	81420	109583	62798	115788	89649	93242	75294	171047	182532	220298	78151	67664	64545	441193	295482	193577	153521	107828	105835	93690	246334	127159
Nicotinate and nicotinamide metabolism	38206	35695	22183	32192	16775	31934	27666	28042	21046	63388	61020	74318	25691	21065	21630	175696	113066	72425	52000	33509	33733	27681	81809	41824
Aminobenzoate degradation	25132	22514	15400	19179	11037	19890	19099	20214	12202	33673	28676	38663	19860	17870	16660	91203	66979	42494	41840	21580	21577	18275	47209	23396
Arginine biosynthesis	86242	80748	53080	69531	39387	70363	58388	58888	49541	107965	114676	141784	49576	43037	39944	277315	202060	130594	95900	65477	65945	61254	163435	84556
Styrene degradation	24096	23598	16409	19819	11198	19541	17870	19113	12887	32883	30978	40486	13982	13714	13293	86336	61754	39447	34573	21667	21482	18331	45637	23738
Carbapenem biosynthesis	3669	2877	1339	2365	1100	2023	1922	1706	973	4388	5942	8204	2034	2023	1627	9521	10536	6097	3718	1186	1243	1965	6652	3563
Nitrotoluene degradation	389	395	197	259	121	253	287	190	471	483	886	780	375	249	179	1924	1504	1390	212	226	285	376	970	490
Phosphonate and phosphinate metabolism	1624	1417	1227	1368	697	1674	963	973	768	2656	1979	2137	1379	764	1710	10032	4764	2986	1783	1510	1098	823	3035	1214
Pyrimidine metabolism	80205	76240	48715	67021	36815	74104	52525	55516	46201	114353	121949	143581	46461	40804	40553	306686	195104	127931	91076	66301	63928	56347	153283	80003
Porphyrin and chlorophyll metabolism	74046	69884	46032	60623	34792	63829	54819	55290	47554	115841	130506	156446	50252	40029	37272	321009	212826	139052	100514	65137	71577	56157	158884	78519
Biosynthesis of siderophore group nonribosomal peptides	1282	1036	549	636	526	740	742	679	379	2138	4172	3382	4463	2721	1246	7215	5398	3422	3326	665	790	760	2663	1342
Fluorobenzoate degradation	6185	6044	4184	4914	2630	5835	5388	5245	3322	7182	7225	9748	4236	2743	3600	24356	16704	10340	10952	5812	5818	4922	12515	6541
Chlorocyclohexane and chlorobenzene degradation	11574	12643	8768	10320	5540	10801	10911	11060	7967	16549	16442	21337	9818	7378	7633	51332	31957	20756	20525	13462	15356	11208	24998	13116
Novobiocin biosynthesis	6034	4962	2481	4404	2519	3575	3788	3804	2704	11118	11170	14902	3879	3181	3304	33883	22505	14435	8920	4289	4839	4116	11326	5820
Steroid biosynthesis	195	207	130	201	77	178	189	296	65	990	669	665	449	470	414	1567	1061	739	1116	95	97	176	528	229
alpha-Linolenic acid metabolism	5140	3344	1987	3172	1631	3375	2821	2604	1972	6048	6655	10533	3401	3268	2343	16294	16940	11046	5977	2681	2954	2673	8602	3327
Biosynthesis of unsaturated fatty acids	15451	13055	7428	10339	5714	11039	7933	7636	5608	15307	17864	26131	9856	7794	7140	36575	40944	24550	14664	7222	6066	8247	24281	12549
cAMP signaling pathway	5316	3189	1829	2722	1335	1978	2442	1748	1396	4235	4430	7367	2031	1604	940	9482	16378	9566	4000	1410	1077	2122	8703	3571
Oxidative phosphorylation	128571	122787	77706	107808	56909	112897	87044	91105	69428	188481	202352	252653	78874	66552	66539	487791	321075	206412	156807	104036	100352	91753	249315	129493
Thermogenesis	14818	11882	7140	9674	4835	11754	7740	7634	6124	18626	19353	21206	10065	7322	8092	53652	39398	24970	16338	9865	8030	7402	27180	12184
Parkinson disease	7695	6116	4240	4784	2558	5519	4059	4107	3839	7033	9881	8820	5399	4097	4028	23790	14723	9401	7398	5444	4902	3790	14027	5745
Amyotrophic lateral sclerosis	13724	9793	6426	7207	3700	7210	6023	5769	5058	9683	13577	13037	9038	6527	7028	31227	25093	15793	8238	5810	5750	5654	25001	10753
Huntington disease	8657	7387	4883	5586	2978	6294	4672	5207	3990	7261	10667	10021	5677	3844	4908	22650	16103	9691	7730	6303	6089	4743	16381	6711
Prion disease	5068	3554	2303	2533	1202	2481	2343	2220	1763	3794	6131	5994	3419	2123	2640	12473	8661	4880	3747	2649	2298	1881	9614	3192
Pathways of neurodegeneration - multiple diseases	16302	11439	7387	8667	4436	8551	7370	6924	6160	12034	13925	16372	10670	7893	8379	37103	31856	20179	10550	7107	7341	6940	28903	12527
Non-alcoholic fatty liver disease	4614	3085	1931	2070	1056	2215	1861	1821	1536	2799	4161	3110	2450	1595	2126	8391	6591	3636	3138	2165	1692	1440	7101	2739
Legionellosis	35052	38155	28307	31718	20271	38372	25369	27630	23583	42020	46839	51551	24322	20071	20381	97524	65838	45063	40889	31419	28950	26441	65757	35804
Function unknown	162935	153599	101911	134649	69670	147909	120218	124039	99464	252841	276315	324895	108584	82798	89810	766629	484815	307066	217060	153230	156782	122019	345481	174508
Taurine and hypotaurine metabolism	23348	21318	11814	19295	8357	15555	17819	16107	12022	28935	28999	37739	11585	9719	7879	84512	61644	39641	26948	18221	19175	16743	48369	24846
Nitrogen metabolism	65141	62294	41633	53225	30427	50929	47473	47160	35600	81976	87167	103904	36084	30438	27672	225549	178546	117082	79523	51658	52837	49542	129810	66696
D-Glutamine and D-glutamate metabolism	10564	9622	5863	8634	4578	9863	7410	7533	6074	19097	18765	22875	6927	5481	6204	57341	34069	22672	13207	8677	8966	7614	20667	10837
Necroptosis	36819	40025	28132	34253	20576	36574	26890	28767	22726	44447	52972	59526	26638	23064	21415	108837	76417	49416	44876	32778	30777	30181	75136	40048
Proximal tubule bicarbonate reclamation	7735	7016	4081	5620	3560	6240	4081	4092	3453	9116	10067	12949	4718	4143	4094	20500	17971	12657	7328	3590	3365	4546	13955	7358
Peptidases and inhibitors	196911	191342	114543	185820	89908	210955	138343	148891	110397	325578	358101	405953	133757	99817	118545	973282	539166	340303	258350	192769	174589	143876	386034	201704
D-Arginine and D-ornithine metabolism	1840	1440	632	1274	489	914	961	789	553	2185	1602	2279	1904	1459	1596	6986	5250	3106	1898	1058	1012	902	2925	1421
Penicillin and cephalosporin biosynthesis	5734	5536	2538	4790	1550	4754	4113	3914	3460	11981	9586	9893	4819	2763	3025	38656	20596	13585	6841	5556	5769	4709	11395	6042
Isoquinoline alkaloid biosynthesis	4183	3922	2430	4464	1768	4214	3805	3343	2279	7359	7263	8381	3235	2482	2785	26546	14337	9537	8412	4308	3251	2977	9234	4285
Dopaminergic synapse	1748	1993	1267	2333	843	2564	1665	1573	1056	2784	2832	2665	2462	1561	1600	13046	5443	4030	4293	2553	1931	1400	3849	1961
Serotonergic synapse	1734	1962	1173	2320	675	2471	1640	1517	999	2757	2736	2579	2157	1397	1409	12830	5244	3871	4028	2525	1917	1366	3818	1943
Cocaine addiction	1734	1962	1173	2320	675	2471	1640	1517	999	2757	2736	2579	2157	1397	1409	12830	5244	3871	4028	2525	1917	1366	3818	1943
Amphetamine addiction	1734	1962	1173	2320	675	2471	1640	1517	999	2757	2736	2579	2157	1397	1409	12830	5244	3871	4028	2525	1917	1366	3818	1943
Alcoholism	1749	2037	1200	2354	757	2759	1676	1620	1058	2765	2744	2581	2304	1409	1476	13238	5257	3904	4106	2739	1979	1407	3893	2012
Tropane, piperidine and pyridine alkaloid biosynthesis	6611	5497	2918	5559	2582	4612	4781	4573	3115	10958	10135	12838	3966	3266	3575	31214	20903	13295	9464	4842	4472	4201	13174	6189
Zeatin biosynthesis	1510	1412	608	1155	601	1249	953	927	482	2454	2997	3793	1521	735	1280	7282	5903	3414	1896	1116	895	983	3130	1642
Folate biosynthesis	41162	41724	27095	36365	20857	41879	30969	32243	26966	66022	71228	88972	24698	22179	22375	180728	112972	74241	53952	38497	39838	31677	90258	46055
One carbon pool by folate	51124	48898	30650	43346	24415	45194	34612	34330	29503	69809	75056	87205	31902	27280	26560	187334	126865	80334	58982	40179	40750	35802	101498	52247
Antifolate resistance	23890	22483	14159	19593	11152	20610	15600	15424	12571	27289	31259	37254	13032	11632	11520	65627	53572	33054	24272	16398	16134	16277	47066	23580
Sulfur metabolism	35545	35317	22674	28434	15179	28526	26010	27050	18891	42934	49055	58709	25660	20237	20683	129339	85423	54811	44882	30288	30635	26920	72996	37537
Ubiquinone and other terpenoid-quinone biosynthesis	22769	23029	15097	18345	10646	21459	17762	18406	13271	34406	40046	44963	13748	12022	11948	103585	68105	44267	33649	22533	22568	18957	48602	25279
Pathways in cancer	10974	9430	6530	7359	3644	7658	7514	7563	4730	9181	14281	12475	7167	5255	6383	31817	24357	13977	13173	8829	7787	6751	22367	10011
Hepatocellular carcinoma	4521	4179	3085	3141	1273	3124	2991	3188	2285	3652	5790	3444	2741	1745	3186	8746	6028	3390	5059	4037	4146	2921	8485	3675
Fluid shear stress and atherosclerosis	17211	16222	11646	13190	7455	15207	11255	11821	9947	17040	23130	21042	11228	8591	10072	44300	30268	19241	18353	14142	12914	11259	31598	15909
Caffeine metabolism	582	568	303	531	301	510	584	506	312	1533	1102	1467	574	443	295	4318	2185	1503	952	614	713	456	1777	806
Transcription factors	122796	117318	67929	102477	51845	98706	88475	89342	64170	186470	178431	228525	88429	81349	67829	523705	349832	220563	185962	108472	107415	95148	278298	144871
Thyroid hormone synthesis	1472	950	516	705	307	604	587	562	235	865	1912	1614	866	566	639	3076	3807	2158	826	539	495	636	2513	1145
Selenocompound metabolism	45841	49548	33081	43172	25579	45577	36074	37416	30643	71621	70962	85927	34476	29044	29207	192933	115689	78042	65379	45822	47655	39304	98369	52418
General function prediction only	90672	88141	57673	76509	39312	76618	66694	68904	51777	141075	145839	193673	58353	55439	42980	407894	286897	178607	115544	80357	83684	68888	187976	96795
Cardiac muscle contraction	2901	2026	1069	1325	688	1399	1059	996	812	1509	2488	2062	1802	1237	1618	4536	3997	2246	1889	1009	708	925	4647	1746
Mitochondrial biogenesis	171397	164434	107626	144649	82517	159902	112550	116885	97629	222437	254869	288359	110988	91349	96215	575672	384073	248347	196591	141667	133422	117707	319413	167142
Arachidonic acid metabolism	1308	914	565	736	344	924	695	554	269	1670	1499	1890	1330	808	995	3543	3923	2322	1032	630	421	582	2731	1100
Polycyclic aromatic hydrocarbon degradation	4169	3666	2554	3334	1730	2562	2789	2664	1943	6291	3485	4038	2101	1780	2065	8171	6112	3726	5738	2647	2602	2690	7237	3487
African trypanosomiasis	3246	2106	639	2414	426	1521	1132	947	487	4346	2916	4946	804	753	715	8225	6172	3748	1758	1283	1004	1365	4528	2856
Calcium signaling pathway	13	72	30	36	14	10	20	10	2	12	993	59	27	22	41	155	163	46	100	37	12	61	54	42
Dioxin degradation	2353	1431	1005	1147	631	1051	1091	1202	626	1587	1115	1901	1928	1352	1173	3207	4683	3171	2323	929	1131	1087	2526	1157
Caprolactam degradation	10891	9040	6285	8226	4354	8644	7508	7829	4691	14143	11357	16248	11144	8527	8510	34808	29346	18296	17117	8883	8286	7128	20412	9748
Betalain biosynthesis	4089	3738	1902	3795	1245	3577	2929	2494	1807	5319	5577	8880	2503	1305	2049	14432	13236	7697	5364	3408	2463	2493	9311	4594
Melanogenesis	114	36	36	68	120	69	85	55	236	277	590	521	259	47	439	1145	439	261	108	223	182	51	415	120
Longevity regulating pathway - worm	56085	58131	40067	47880	29097	55486	38325	41869	34001	61902	73711	77883	39541	32455	35184	138349	99927	66931	63192	47605	44396	40793	105039	56251
Linoleic acid metabolism	62	92	41	52	10	47	85	142	54	96	306	371	30	32	20	549	260	135	90	144	190	56	401	45
Sesquiterpenoid and triterpenoid biosynthesis	98	248	392	208	900	462	251	319	74	555	795	311	622	561	785	731	293	158	2709	415	479	277	443	202
Carotenoid biosynthesis	3629	2655	1491	2477	1961	2546	2084	1960	1369	3600	11805	10684	2634	1827	1453	22466	15445	8480	6157	2322	2197	2128	7867	3688
DNA repair and recombination proteins	300340	290837	185798	259685	146665	273882	204718	212168	166432	460019	493741	600427	200813	170150	167096	1257403	810520	527048	377570	256853	251169	225575	590205	312523
Global maps only	1379	1196	790	967	804	882	793	696	451	1510	1535	2889	1531	1052	1015	3497	5979	2950	1998	490	446	721	3188	1191
Transfer RNA biogenesis	195093	187097	123266	166272	91784	180236	134850	138983	119165	296667	334156	384382	127788	105586	106074	860389	514611	336102	242479	172751	176199	143073	378556	196785
MicroRNAs in cancer	892	570	280	1265	756	1030	195	149	334	1765	4522	1048	1227	2795	1064	3919	2603	2361	725	62	82	221	491	248
DNA replication proteins	77739	75877	50547	67548	36881	72245	54555	56474	48841	128100	142611	164992	50453	43619	41144	360910	218736	146372	101295	72657	72979	58496	152589	78412
Chromosome and associated proteins	114211	108800	73850	99103	55882	107911	76746	81268	62591	163998	203699	218197	77894	63944	65973	438061	284702	181834	148391	101153	95285	82504	215078	111327
Prokaryotic defense system	31988	35775	23703	31851	18063	40403	23800	25403	21442	56096	86441	84427	30809	24373	27816	189043	100744	65281	47022	36518	32585	25341	64062	34178
Ribosome biogenesis	107625	97660	60545	85143	46249	92186	68485	68544	54836	144203	163366	195410	64203	53311	52858	404593	285634	180805	121949	80849	80054	72984	207584	107886
Antimicrobial resistance genes	23302	22105	12523	23190	9530	22911	19314	20178	14642	54080	50854	61878	17799	10232	13199	187498	89527	57624	38332	26114	26947	19301	48679	24738
Sulfur relay system	23499	24419	15995	21455	12466	23964	18089	18608	16342	40938	43696	53065	16342	13602	12947	113012	70508	46652	32808	22598	24398	18819	51136	26743
Bacterial chemotaxis	36618	32841	18776	30233	12436	25449	25077	20307	13284	26229	38295	43420	20180	13557	13742	77649	90188	49363	31586	15679	12080	20751	89708	36924
Bacterial motility proteins	81481	82060	50575	74513	33211	73100	57552	51710	34029	89831	144671	148728	47620	34250	37505	240749	231244	130534	80389	48167	38213	55193	197352	91041
Phenylpropanoid biosynthesis	8270	9461	5686	6404	4604	7412	6383	7187	4387	12251	13277	16256	7192	5797	6795	42209	25671	17125	17484	8793	7646	6586	19761	9908
Stilbenoid, diarylheptanoid and gingerol biosynthesis	1196	1250	805	1053	786	1322	1048	1209	968	2571	2650	3311	1285	800	823	8009	4333	3079	1567	1417	1720	992	2365	1393
Flavonoid biosynthesis	1196	1250	805	1053	786	1322	1048	1209	968	2571	2650	3311	1285	800	823	8009	4333	3079	1567	1417	1720	992	2365	1393
Amino acid related enzymes	140220	133547	87065	119280	66216	125697	96290	99156	82747	214240	231606	275874	91835	80120	77362	603988	366457	240734	175551	119169	120997	102525	273501	141475
Cyanoamino acid metabolism	16030	17749	10986	14362	7874	14243	13665	14295	10342	23642	24863	29993	9498	8179	8939	79668	44491	28816	26294	16949	16180	13602	37696	18344
Aminoacyl-tRNA biosynthesis	122962	118684	78626	106019	59179	113638	85378	87969	74876	186514	201078	237934	80797	69826	66489	530435	317129	209064	154214	108898	112456	91587	238655	124625
Biosynthesis of ansamycins	8420	9122	6483	7456	4705	8493	6649	7093	5006	11979	12835	15055	6085	5387	4552	32338	20579	13774	12450	7957	8168	7126	18215	9768
Fat digestion and absorption	22169	19551	13034	16967	10109	18456	13822	13652	11644	25540	25625	32865	15077	12512	11703	56362	47473	30879	22219	15702	15952	14754	37629	18916
Geraniol degradation	11540	9987	6536	9209	5182	9926	7871	8375	5408	17562	15839	23224	11150	9019	8347	44779	33726	22395	18750	9579	10209	8337	21216	10473
Ethylbenzene degradation	1934	1941	1259	1830	918	2359	1902	2066	1203	3007	4171	5932	1997	2110	1593	12467	8299	5607	4425	2596	3068	1934	4736	2055
Biofilm formation - Vibrio cholerae	19381	21490	13905	19838	10354	21457	14419	15060	11360	28662	38689	33441	14382	12071	14273	81758	46434	29159	25441	18645	17030	15577	41559	21755
Polyketide biosynthesis proteins	4222	3778	2240	2855	2393	3602	3924	3488	2335	19197	5059	5084	6676	3184	3017	18468	13633	7950	7809	3938	3416	2945	8910	4322
Ferroptosis	3299	3102	1233	2830	1144	4113	2130	2023	1429	7080	4605	6471	2805	2027	1954	22762	15380	11239	5959	3606	2877	2133	6420	3254
Lipopolysaccharide biosynthesis	10610	9656	5811	10772	4552	15194	8281	8393	6485	14591	15945	16280	8970	4191	10097	49449	21462	13275	15290	12899	9668	6729	20400	10933
Cationic antimicrobial peptide (CAMP) resistance	23423	12882	7737	15007	5531	14859	11172	11323	8261	22773	41747	29616	13641	6186	9779	84653	37194	20739	17036	12543	11840	9120	32583	15417
Lipopolysaccharide biosynthesis proteins	18005	19220	11733	19991	9563	26788	14803	16452	11265	32611	48249	51824	18773	14921	19468	120402	51303	32749	31305	24448	19533	13954	39234	20336
Starch and sucrose metabolism	90194	85958	47139	72904	34372	65105	60440	59731	36149	120352	140022	176087	52726	43196	38130	392542	261221	163508	117074	61269	52264	62712	190329	99217
Biofilm formation - Escherichia coli	33390	31051	18926	28010	12670	28294	22448	21845	14288	36035	51605	61023	18303	14487	15974	112720	85559	51264	35067	23705	19901	21870	67784	35009
Insulin signaling pathway	16959	15352	9399	13259	7284	13694	10084	9624	7035	18353	25795	30962	10689	8621	8641	47425	40302	25688	17528	9599	7990	10345	32812	17156
Insulin resistance	25990	25724	15689	21460	11994	22790	16756	17246	12960	30666	39441	46654	16065	14115	13346	74403	59423	38564	29024	18394	17294	18159	52928	27478
Glycosyltransferases	40830	38181	22696	39723	18270	36631	28610	29026	18902	69131	94477	97280	38402	27372	30599	236021	134624	85632	62100	35111	29947	28327	88321	44695
PI3K-Akt signaling pathway	8507	7946	5062	6528	4155	7111	5013	4998	3364	6854	10467	11930	6000	5268	4715	14096	16073	10368	9175	4652	3582	5117	17012	8805
Sphingolipid metabolism	4070	5734	2385	3164	1355	3205	2724	2871	1496	4004	5224	5382	3782	2975	3412	21309	12497	6760	9947	2716	2184	3351	11015	5570
N-Glycan biosynthesis	2141	2534	2097	2173	1290	2571	1729	2122	2040	4351	4739	5447	1582	1199	1342	14968	6774	4976	3316	2683	2948	2177	4737	2641
Mannose type O-glycan biosynthesis	2167	1873	893	1420	872	1118	1293	1203	595	4369	3413	4180	1336	961	689	13052	9415	6628	2809	1045	1127	1352	5080	2644
Other types of O-glycan biosynthesis	2311	1961	970	1504	900	1185	1440	1356	670	4434	5282	4217	1625	1068	930	13381	9501	6690	3060	1367	1322	1432	5457	2741
Bladder cancer	1030	682	290	503	184	256	398	343	198	710	574	1253	390	336	184	1821	2751	1947	803	308	195	557	1535	844
Carbohydrate metabolism	9578	9436	5046	8441	3052	6826	8698	7654	6509	12866	12832	16299	3440	3281	2442	44754	28319	18126	11129	9019	11081	8405	24664	12621
RNA transport	2976	3851	4024	2949	1986	4597	3176	3677	3941	7680	10373	8001	2175	1722	1850	22485	8341	6515	5970	5104	5728	3409	6874	3586
Thiamine metabolism	23008	22647	14752	19351	12218	24370	16517	17306	14166	37160	44511	52647	18319	15180	15464	104990	70126	44556	31433	20856	19572	17281	51337	25016
Prenyltransferases	16752	14639	8847	13152	7660	13193	10533	10198	7502	22888	27378	34685	11025	8829	8950	67993	54361	32760	22180	11704	11041	10731	34083	17511
Platinum drug resistance	8211	7472	4769	5635	2491	4932	5649	5255	3563	11694	13301	12924	3818	2272	4141	34431	22297	13024	9723	6689	6808	5285	14751	7272
Transporters	648246	544720	318870	486989	228642	488469	423399	416975	308352	937451	910184	1120852	358369	276533	321152	2882880	1746823	1100555	747380	491089	454685	405449	1227680	622097
Ether lipid metabolism	4501	5170	4087	4926	3098	4421	3757	4448	1898	4580	5670	7755	6727	5791	5173	14499	13951	8246	12560	4624	4075	4073	11390	5920
D-Alanine metabolism	9121	8488	5093	8513	3807	7756	7323	7110	5272	16581	15022	17631	8877	5223	5805	44751	26275	16603	11523	7967	8078	6987	18864	9466
Glucosinolate biosynthesis	6536	6464	4403	5223	3005	6131	4805	5008	4427	10222	10955	13447	4041	3398	3497	30083	18094	11998	8616	5868	6242	4722	12792	6796
Neomycin, kanamycin and gentamicin biosynthesis	1910	2536	970	1826	891	1716	1713	1827	1002	4849	4024	5205	879	1325	859	14617	8364	5986	3491	1973	1871	2024	5726	3057
RNA degradation	87257	86039	58290	75232	44716	83035	59312	62458	53686	108197	124506	140969	58112	48187	48186	279450	185176	123263	99731	72891	67139	62436	162167	87462
Thyroid hormone signaling pathway	1289	2525	2515	2770	2209	2457	1746	2316	858	843	1391	619	4740	3482	3867	5205	1464	1180	8680	3147	2809	2180	3668	2414
Protein phosphatases and associated proteins	20878	21590	14448	18079	11260	20336	14793	15415	12765	25347	30906	29914	16141	13193	13156	67889	45816	29722	24663	18352	17750	15748	40383	21384
Messenger RNA biogenesis	96281	96432	66447	85145	50421	93626	66649	70302	60753	123296	143103	158825	64562	53731	53713	320256	209598	139562	110861	81662	77190	70491	182867	98175
RIG-I-like receptor signaling pathway	2	8	5	3	0	0	9	7	0	0	55	1	3	8	1	64	17	11	1	0	0	0	94	4
Plant-pathogen interaction	21432	22070	15254	19327	11675	21075	14745	15698	12607	23388	28104	27609	14037	11190	12075	59290	41218	27018	24476	17215	14940	14897	39970	20882
Viral carcinogenesis	7423	8680	7861	6953	4886	9479	6222	7078	7279	11401	12652	13347	4350	3373	3571	30767	17857	11937	9140	8589	9729	6819	15816	8191
Type II diabetes mellitus	7223	7447	4778	6345	3587	7213	5223	5443	4067	9208	10897	12927	4201	3356	3501	24495	17824	10795	8134	6033	6441	5781	14972	7616
Human papillomavirus infection	7227	7522	4897	6378	3635	7286	5266	5496	4230	9341	11011	12958	4201	3356	3501	24889	17824	10864	8169	6127	6569	5841	15010	7648
Phosphotransferase system (PTS)	3997	2765	1428	2835	879	2202	2703	2375	2407	5918	5188	6996	1513	639	1438	23159	12156	8047	3389	3231	3695	2473	7207	3216
Protein kinases	66572	62687	36072	71437	28137	73598	51139	51153	35475	111621	174379	143399	61508	39144	59340	362168	203727	127054	94437	69266	59205	48783	144969	70966
MAPK signaling pathway - plant	12372	9656	4813	7654	3625	6072	6399	5434	3837	14255	13685	18011	6818	5165	5407	41661	32415	19763	10120	5314	5130	6317	21571	11491
Energy metabolism	16233	15967	11182	13169	7399	16150	12181	12791	10994	21615	21154	25305	9578	7995	8682	55588	34602	23303	20215	16585	16407	12434	30921	16570
Prolactin signaling pathway	451	622	433	639	459	843	749	859	448	1045	1790	2625	631	483	468	5946	2543	1688	1389	1083	1049	677	1537	701
Acarbose and validamycin biosynthesis	3193	3151	2023	2996	1623	3078	2330	2419	1774	5172	8059	8530	2359	2147	1839	17739	10633	6587	4351	2995	3040	2599	7344	3682
Phosphatidylinositol signaling system	4715	3852	2129	3569	1783	3679	3183	3054	2355	6757	8054	10469	2584	1954	2305	22210	13844	8703	5962	3979	4161	3090	9245	4622
Vancomycin resistance	20811	20538	12448	19048	9659	19484	16010	16488	12512	39360	39693	51560	13141	11602	10670	113575	72442	45030	28458	21172	22156	17632	45371	22851
Ras signaling pathway	2185	1781	997	1382	549	866	1532	1236	691	1260	2140	2945	571	398	141	6066	7851	4223	2135	1058	902	1321	5393	2291
Vascular smooth muscle contraction	62	70	36	51	7	46	74	100	46	88	54	262	28	29	4	310	120	93	88	101	181	49	292	41
Pancreatic secretion	185	259	100	196	108	211	216	268	86	582	936	918	42	105	278	3262	2252	1133	184	460	380	255	860	424
Regulation of lipolysis in adipocytes	449	324	311	333	261	449	475	430	256	601	849	805	464	270	230	2725	2580	1279	720	295	150	276	1176	406
Retrograde endocannabinoid signaling	2825	1931	1274	1871	930	1885	1842	1703	1246	2539	2870	2828	2398	1288	1490	7891	7329	3827	3311	1738	1263	1391	6802	2199
Translation factors	63092	62745	40911	55319	32125	60079	43462	45213	39202	89853	99170	111136	39167	32402	33803	235726	141909	94739	74286	53893	53250	46095	118125	62166
Fatty acid elongation	82	379	56	116	149	393	140	172	295	265	303	524	77	76	269	2312	409	283	682	724	551	132	254	147
Ovarian steroidogenesis	31	132	20	59	52	95	59	35	211	188	142	300	69	56	84	745	163	100	319	338	452	52	125	40
Glycosylphosphatidylinositol (GPI)-anchored proteins	3274	3491	2042	2872	1524	4300	2662	2956	2213	4239	3870	3671	2470	1758	2232	16118	7246	4636	4214	3257	3197	2321	7861	3917
Quorum sensing	179272	153232	94753	137996	72490	141422	112194	118763	81726	271251	244183	311364	110279	91952	93605	680708	430442	277523	226035	149180	138846	114541	323318	168339
Bacterial toxins	8657	9297	5975	8378	4648	8374	7138	7461	4311	13496	12351	14030	9298	6437	7151	44788	27946	17991	17635	8667	8352	7045	18372	9854
Phospholipase D signaling pathway	2123	1711	961	1331	542	820	1458	1136	645	1172	1851	2683	543	369	137	5756	7731	4130	2047	957	721	1272	5101	2250
Sphingolipid signaling pathway	3076	2088	1155	1632	645	1099	1701	1320	840	2143	2915	4318	1128	510	243	9140	10862	6206	2661	1086	854	1543	5997	2611
Endocytosis	2217	1718	961	1336	542	824	1459	1136	645	1172	1851	2683	543	369	137	5756	7732	4130	2050	957	721	1272	5131	2255
Fc gamma R-mediated phagocytosis	2123	1711	961	1331	542	820	1458	1136	645	1172	1851	2683	543	369	137	5756	7731	4130	2047	957	721	1272	5101	2250
GnRH signaling pathway	2123	1711	961	1331	542	820	1458	1136	645	1172	1851	2683	543	369	137	5756	7731	4130	2047	957	721	1272	5101	2250
Parathyroid hormone synthesis, secretion and action	2132	1772	1063	1348	564	886	1488	1202	751	1619	1972	2786	543	369	137	6849	7925	4272	2087	1026	834	1302	5144	2272
Glutamatergic synapse	28331	31342	21876	26143	15928	26990	20955	21929	18319	31451	37054	41693	18504	17281	14847	73647	56713	37231	33318	24993	24919	24137	57303	30273
Choline metabolism in cancer	2123	1711	961	1331	542	820	1458	1136	645	1243	1851	2683	543	369	137	5756	7731	4130	2047	957	721	1272	5101	2250
Pancreatic cancer	2123	1711	961	1331	542	820	1458	1136	645	1172	1851	2683	543	369	137	5756	7731	4130	2047	957	721	1272	5101	2250
Lysosome	3701	5158	2671	3666	1635	6273	3807	4258	3171	7386	7671	5471	3068	3104	3853	31051	11963	7443	8257	6165	6388	3920	9379	4508
Glycosaminoglycan degradation	3817	4138	1922	3573	1836	6472	3176	3397	2839	8640	5393	5733	2417	3117	2654	29151	11953	7934	7596	5975	6451	3344	8131	4094
Mismatch repair	53986	51911	31110	46278	24380	49025	36947	38067	28990	84715	93709	116438	34306	27966	29017	259961	159317	102332	71729	48559	46053	40333	106338	54914
Base excision repair	47138	46261	29900	40663	22804	43768	33289	33561	28189	75071	78514	95972	31580	26067	25786	214841	137579	88741	60940	42741	43657	36973	96587	49806
Homologous recombination	74627	70040	41259	61328	32646	64921	49627	50430	38956	108633	118754	143240	45850	40759	37072	303767	204767	130901	89978	62034	61159	53529	144468	75448
Apoptosis	1342	1376	942	2688	469	2445	892	978	752	1994	2055	1441	393	282	1502	5248	3136	1564	1211	1667	1007	779	2815	1311
Salivary secretion	123	189	64	145	101	165	142	168	40	494	882	656	14	76	274	2952	2132	1040	96	359	199	206	568	383
Carbohydrate digestion and absorption	123	189	64	145	101	165	142	168	40	494	882	656	14	76	274	2952	2132	1040	96	359	199	206	568	383
Other glycan degradation	2880	5369	2442	2710	1569	5167	3220	3857	3258	7557	6285	5997	2367	2182	3431	31361	12784	6369	11051	4602	4173	3769	10472	4924
Flavone and flavonol biosynthesis	563	552	206	447	114	356	515	518	132	221	148	446	186	150	267	3884	924	916	700	1278	1653	452	1095	545
Glycosaminoglycan binding proteins	902	684	324	565	123	290	468	340	191	921	548	1257	265	175	146	1223	3194	1592	732	225	170	458	1884	885
beta-Lactam resistance	17033	13883	6997	16608	5841	17270	11040	11901	8620	38266	40502	48161	10843	6514	11757	147814	63373	40288	23208	17559	15693	10998	29085	14422
Protein digestion and absorption	106	359	63	628	66	951	227	82	71	724	567	327	344	34	580	4846	804	629	950	589	76	83	267	112
CD molecules	850	1041	300	961	898	2225	868	611	751	2039	2025	1286	869	216	1101	7461	2396	1427	1443	1063	649	604	1579	656
Chaperones and folding catalysts	86638	87925	62392	78131	45630	94314	64056	70748	56886	119429	146360	162132	64326	51005	55426	329200	190712	127368	114954	86286	77803	65284	162852	88250
Renin secretion	744	681	213	324	349	1076	641	529	680	1314	1195	930	493	172	517	2614	1590	798	491	472	572	521	1312	543
Renin-angiotensin system	2650	3088	1176	2547	1045	2912	1902	1572	1117	5152	4966	5958	1894	730	1663	14052	5924	3211	2590	1983	1204	2051	5061	2881
Hypertrophic cardiomyopathy	744	681	213	324	349	1076	641	529	680	1314	1195	930	493	172	517	2614	1590	798	491	472	572	521	1312	543
Coronavirus disease - COVID-19	854	1755	2434	871	1021	2640	1509	1829	3138	2973	2524	1269	498	173	519	7741	1615	1723	1212	2281	3071	1300	2030	973
Chagas disease	3320	2112	677	1766	706	2256	1405	1235	1068	4146	3613	5209	1280	896	1207	7991	6534	3605	2008	1351	1310	1383	4469	2384
Ubiquitin system	721	847	393	1048	255	438	408	374	320	765	11451	1620	360	315	221	3056	2092	1320	747	435	371	380	1471	700
Cell cycle - Caulobacter	74420	70536	45490	62865	33416	68078	47593	50084	39613	92521	112070	116029	47256	38076	42823	244507	157518	98897	83481	61673	54225	50485	137150	69555
GABAergic synapse	26322	29847	21093	25125	15987	26569	19589	20903	17815	30439	35268	39084	19164	18083	15092	68301	49141	33197	32234	24067	24207	22989	52515	28199
Atrazine degradation	1853	1387	1248	1037	1143	1210	1524	1724	1195	1596	3371	3505	2200	1636	1544	3831	3897	2658	3387	1726	1726	1112	4125	1641
Epithelial cell signaling in Helicobacter pylori infection	1427	1077	778	884	700	883	1166	1176	967	1445	3012	2981	1072	813	654	3786	3259	2168	2524	1155	1362	801	3200	1352
Protein processing in endoplasmic reticulum	5097	6702	7830	5383	3756	8305	5910	7473	6152	9153	12024	9065	4094	3242	2736	28951	11118	9128	9749	10047	10142	5774	12629	6716
Amoebiasis	413	463	359	380	339	997	532	864	839	1418	1696	1228	166	124	211	7537	2334	1669	809	1305	1611	512	953	499
Primary immunodeficiency	4132	3433	1553	2572	1344	2012	2143	1795	1054	5764	3987	6230	2194	1956	1341	12218	12688	7566	3762	1534	1204	2502	8547	4632
Secretion system	90857	93665	59286	84623	42286	96313	63212	66636	50593	140324	169859	205290	58609	46803	53370	383076	257437	158095	109875	79818	71968	67836	189838	98578
Type I diabetes mellitus	27922	29286	21093	24011	16009	29363	19214	21127	17956	27301	33526	34994	20458	17351	16842	54981	45151	30532	30851	24246	21423	19842	50500	27950
Indole alkaloid biosynthesis	1223	1558	823	1866	440	1867	1261	1164	651	2202	1608	1775	1317	559	1089	7809	3624	2415	2772	1903	1282	1089	3239	1617
Axon regeneration	1227	1775	828	2412	440	1874	1267	1181	652	2271	1636	1804	1317	559	1089	8090	3628	2425	2839	1955	1377	1102	3244	1621
FoxO signaling pathway	16575	14236	7847	11326	6258	11115	8311	8333	6266	12657	15576	19349	10310	8680	8527	29866	30729	19704	13520	7734	7428	9167	30440	15812
Adipocytokine signaling pathway	9394	8864	4455	7357	3958	8583	5332	4930	3647	12429	11581	16398	6077	5233	4679	30210	26681	18848	11471	6011	4902	5773	18042	9487
Phenazine biosynthesis	6141	5751	3823	5485	2913	5724	4287	4543	3572	9363	10029	12850	4260	3244	3378	27045	16991	10847	9073	5607	5719	4753	13481	6880
Biofilm formation - Pseudomonas aeruginosa	41523	45418	27634	43332	19316	43008	34834	33396	23478	64115	108829	122763	29138	21096	24366	208656	138307	83571	59052	38016	35075	34813	101938	50316
Renal cell carcinoma	1675	1414	749	1157	680	1276	1374	1325	846	2928	3317	4943	1332	1291	1100	11510	6661	4435	2790	1588	1663	1316	3657	1730
Cushing syndrome	1675	1414	749	1157	680	1276	1374	1325	846	2918	3315	4943	1323	1266	1076	11510	6661	4435	2790	1588	1663	1316	3638	1730
Biosynthesis of vancomycin group antibiotics	940	1017	730	1253	1123	1237	811	726	590	2079	2945	3374	997	954	873	8521	4299	2592	3019	1142	1158	854	2537	1277
Meiosis - yeast	2666	1799	1498	2074	1110	3075	2101	2536	1850	4613	23203	3974	2961	1445	2593	12490	4925	3424	5067	3553	3061	1694	3909	2112
Longevity regulating pathway - multiple species	14435	11285	6959	10001	5350	10594	7920	8720	6150	15504	38097	24953	11733	8300	9925	44682	27991	18051	15652	9831	9037	8087	23245	12383
Nonribosomal peptide structures	1677	1121	574	901	272	924	721	606	368	792	1089	1121	154	185	377	2545	3951	2321	870	830	543	628	2374	1204
Glycosaminoglycan biosynthesis - heparan sulfate / heparin	4	17	77	19	71	52	4	22	105	44	65	136	1	3	13	769	108	115	231	11	36	6	9	7
Primary bile acid biosynthesis	1762	1628	920	1284	711	1106	1110	1018	652	2675	2249	3527	2064	1596	1401	5132	6040	3481	2103	879	715	1111	2797	1357
Steroid degradation	5868	2091	1144	1491	1161	1565	1136	1020	1014	3548	3817	6918	6060	4588	4234	9601	18215	11973	6492	1125	1216	1282	3833	1690
Biosynthesis of various secondary metabolites - part 2	2735	3069	2068	2425	1751	3222	2082	2164	1887	4037	4423	4711	2070	1599	1904	9468	5365	3626	4356	2325	2306	2382	5139	2563
Non-homologous end-joining	15321	17292	12483	14755	9238	14045	10542	11676	7953	26667	26029	33330	11048	9401	9908	56650	39669	25586	21873	12697	12245	13114	32359	17714
DNA replication	60259	57866	37461	49974	27675	53950	41177	41763	34919	91731	103672	123506	36270	30732	29055	258206	170032	111396	75644	53232	52858	44815	117797	60481
Nucleotide excision repair	74461	73500	47074	65541	37075	68897	52440	53505	42570	110921	117661	144387	46252	38920	38577	296821	192784	128970	92702	64396	62713	56959	145567	76927
Structural proteins	12453	11333	7007	12311	4372	10411	7859	7677	6251	18547	18861	16207	9281	5442	8746	52672	23391	14654	13110	10130	8397	7401	21954	11050
ABC transporters	217332	162632	91269	142879	70393	136379	120848	118755	86200	305910	288644	352767	103161	85369	90458	781786	552185	347317	215055	138153	129212	120553	369364	185648
Others	28956	23891	16035	20431	11435	21803	19002	19085	15145	37970	40300	49884	13430	11093	10301	118683	78813	47565	33389	21998	23918	18116	51938	25590
Tuberculosis	36546	36754	25781	30342	20387	36151	24445	26665	22017	41492	52822	54389	29285	23677	23638	97005	68001	45410	42626	30916	27294	25880	66505	36495
Replication and repair	173821	276578	376068	218674	104245	273354	270142	354810	155555	151496	211823	253167	137833	96482	98800	480862	302076	208758	412249	479264	330529	182501	484604	289248
Photosynthesis - antenna proteins	0	1	1	13	0	0	5	9	8	477	7037	28	0	0	0	1	0	0	145	24	78	1	89	15
Photosynthesis proteins	27919	27022	17451	24308	13468	26734	19461	20296	16397	40558	65363	51671	16999	14482	14469	105469	66527	43285	33525	23124	23184	20834	52965	27930
Photosynthesis	26742	25854	16705	23085	13079	25322	18560	19356	15935	38911	56959	50099	16274	14077	13959	100985	63394	41371	32257	22176	22552	20166	50273	26657
Cofactor metabolism	2928	1712	1284	2069	816	2364	1831	2045	1585	3299	8854	6163	1621	1160	1841	16785	6756	4567	3320	3630	3723	1634	4632	2038
Dorso-ventral axis formation	62	260	376	100	140	238	98	174	370	275	144	55	0	0	1	726	275	296	130	305	364	151	380	264
Protein processing	29902	28356	18590	24329	14771	28144	21458	22824	17981	47509	51753	66456	20904	17321	19042	131384	79412	51697	40661	30061	32095	23395	58639	30358
Flagellar assembly	46905	46636	30011	38304	20171	38761	31327	27943	18098	45202	50687	69352	24048	18993	18371	105036	125849	69419	46456	24322	18718	30474	106501	50556
Transcription machinery	142749	157537	105139	140442	78094	153738	113273	119729	95184	211240	237222	294544	107372	93964	86570	533020	363374	237912	200287	137579	131976	123532	308000	165772
NOD-like receptor signaling pathway	7662	8545	6737	7573	4579	8946	5763	6092	4421	7939	12849	10415	5086	4366	3989	19571	16503	10077	9266	6708	5427	5875	15970	8301
Shigellosis	4332	5032	3745	4480	2537	4719	3111	3011	1957	4088	6805	5398	1842	1689	1271	8280	9526	5256	4443	2784	2267	3117	9021	4405
Bacterial secretion system	50030	50789	33148	44894	24720	50521	33494	36036	29227	69157	79171	93153	33619	27709	29684	181659	119147	74795	59226	42872	40695	35965	96704	49976
Transcription	7593	6626	4964	5682	3373	6053	5301	5032	4318	6443	7874	9199	4499	3579	3409	15883	15119	8626	8827	5298	5038	5001	13473	6778
Cell cycle	18	129	255	77	116	201	74	113	325	165	167	28	0	1	0	451	0	89	62	165	237	102	116	54
Cell cycle - yeast	0	1	0	2	0	0	1	2	1	1	133	6	0	0	0	0	0	0	20	59	127	3	37	6
Proteasome	17457	15200	9600	12846	7211	11672	10854	9871	6717	17474	23609	35307	10521	9152	6295	36950	47878	28236	18764	10300	8515	10417	35821	18887
Spinocerebellar ataxia	1086	1708	3228	954	1357	2312	1287	1806	3181	2732	3303	3006	383	234	335	8612	1761	1805	1509	2770	3400	1178	2155	1035
Arabinogalactan biosynthesis - Mycobacterium	8611	6745	3667	6396	4023	5765	4867	4328	2817	12217	11375	16670	9739	7093	6470	31895	34086	20706	12137	5199	4568	5079	15047	7552
Ribosome	166658	169474	111948	140192	84979	160472	106039	109301	100444	189122	221360	241504	99946	86363	86427	436907	326363	207872	168021	124030	117745	114217	294577	157259
Apelin signaling pathway	10	70	117	31	39	82	40	64	86	78	61	23	0	1	0	227	1	45	32	79	105	38	66	18
mTOR signaling pathway	10	70	117	31	39	82	42	64	86	78	2081	24	10	2	0	227	1	45	39	81	106	38	83	18
Proteoglycans in cancer	2121	1854	1271	1790	948	1895	1365	1414	888	3017	3729	4276	1120	1112	992	8419	6043	3801	2367	1598	1428	1529	4165	2208
EGFR tyrosine kinase inhibitor resistance	10	70	117	31	39	82	40	64	86	78	61	23	0	1	0	227	1	45	32	79	105	38	51	18
RNA polymerase	29258	29605	21908	26830	17370	30080	20585	22298	19932	44300	49282	51990	21612	18044	18192	111555	57737	42163	36202	27681	27520	22610	51748	28497
Cytosolic DNA-sensing pathway	2	21	19	19	6	11	38	15	26	2	5	6	0	0	0	26	0	6	6	82	124	16	17	21
Epstein-Barr virus infection	879	573	300	393	177	405	384	358	209	581	804	551	353	217	315	2255	1595	696	597	475	322	230	1365	520
Protein export	54647	54809	35725	46970	26883	52223	36227	39240	31060	75847	85614	101368	35011	29770	29977	194781	131755	83524	63028	45849	44716	39954	105323	55159
Basal transcription factors	5157	5243	5442	4446	2981	5120	3923	4202	5182	6974	6848	8987	1602	1502	877	17348	13633	9137	5399	5341	6184	3910	10106	5340
Human T-cell leukemia virus 1 infection	906	647	342	661	134	422	563	424	420	822	1052	683	383	171	135	4688	3277	2000	527	456	504	536	1833	932
Glycan metabolism	8772	7993	4398	7130	2908	5311	6187	6319	3400	11689	17292	18018	6588	6004	4761	42818	31321	18390	14849	7574	7424	6122	18730	9196
Leishmaniasis	12	176	346	96	116	249	88	119	214	250	232	47	2	0	0	616	0	124	102	101	135	115	103	60
Autophagy - animal	18	121	305	50	82	132	96	150	281	187	2264	52	0	0	0	502	0	85	76	217	348	89	85	52
Autophagy - yeast	2850	2239	1321	1866	845	1842	1968	1621	1755	3933	5517	5095	827	658	623	13208	9457	5832	2383	1951	2359	1680	5691	2810
Hepatitis C	893	695	605	443	258	537	480	507	489	768	1002	651	353	217	315	2757	1595	781	671	692	667	319	1421	571
Influenza A	893	695	605	443	258	537	480	507	489	768	1002	651	353	217	315	2757	1595	781	671	692	667	319	1421	571
Measles	893	694	605	442	258	537	480	507	489	768	1002	601	353	217	315	2757	1595	781	670	692	667	318	1419	571
Herpes simplex virus 1 infection	893	694	605	442	258	537	480	507	489	768	1002	601	353	217	315	2757	1595	781	670	692	667	318	1419	571
Ribosome biogenesis in eukaryotes	4838	4367	3231	3753	2141	3831	2859	3050	2821	6483	6930	8240	2119	2027	1510	16423	12900	8333	4586	3283	3400	3234	9455	5041
mRNA surveillance pathway	34	332	473	111	203	564	231	351	711	572	1213	203	0	0	3	2384	232	410	378	565	754	224	334	183
Transport	15688	15242	9599	15550	5611	14319	12396	12603	10717	28979	31486	28881	12054	5932	8945	116690	53901	35676	22365	15882	15372	11686	32008	15838
Staphylococcus aureus infection	950	835	674	1181	350	580	1616	1205	530	2895	1826	774	5263	384	2722	6599	1158	1085	1465	752	375	515	1407	711
Apoptosis - fly	1838	1318	628	1112	384	1508	1018	975	723	1312	2076	1224	754	411	545	6781	4902	2689	1246	1162	896	843	3441	1638
Cytoskeleton proteins	31652	34126	23939	28779	16965	34711	22621	25064	20281	44715	55535	54018	19622	16861	19177	113073	69038	45399	40036	31996	29097	25064	59791	31481
Signaling proteins	28179	26215	17018	23806	11690	26179	19272	19186	15136	31584	36722	46266	16413	12719	13495	87220	70071	43465	28574	21056	17561	18458	54859	27529
Lipoic acid metabolism	7848	8102	5096	7276	3961	7413	5693	6070	5136	11752	12009	13662	4665	4044	3913	30607	19407	12915	9814	7838	8124	6340	15517	8345
Nucleotide metabolism	151	23	20	22	39	26	16	12	16	58	51	138	138	60	52	71	359	152	59	47	16	18	107	57
Unclassified viral proteins	5014	4694	2590	4229	2135	4405	3043	3206	2572	7936	8050	10082	3184	3099	2520	22298	15270	9305	6244	3925	3645	3428	9983	5201
MAPK signaling pathway - yeast	7409	4813	2028	3715	1563	2776	2743	2290	1586	3754	4034	5436	4932	3860	3781	11032	12775	7766	3588	1547	1293	2705	12500	6302
Longevity regulating pathway	9854	7912	4337	6166	3114	6118	4645	4955	3733	6724	7683	8229	6506	5046	5457	19441	16974	10696	7057	4933	4886	5100	17209	8861
Various types of N-glycan biosynthesis	1038	1692	1178	834	828	2609	814	1127	1501	2171	1092	909	357	388	744	6555	3034	1721	2214	1486	1193	1113	2883	1280
Ubiquitin mediated proteolysis	0	0	0	0	0	0	0	0	0	10	2	0	9	25	24	0	0	0	0	0	0	0	33	0
Biosynthesis of various secondary metabolites - part 3	674	644	414	510	857	833	844	643	646	1214	1603	2354	259	305	209	2432	1829	1186	2069	673	765	526	1625	548
Secondary metabolism	3062	3578	2693	2845	1885	3123	3078	3274	2038	4275	4375	5197	2331	2095	1918	14031	9602	6152	6513	3550	4150	3033	6881	3793
Amino acid metabolism	5112	5277	3000	4879	2393	6240	3936	4253	3451	7813	9761	9712	3460	2946	3144	22843	12378	8813	6759	5469	5513	4327	11586	6028
Antigen processing and presentation	1776	1552	1435	1337	972	2032	1307	1556	745	843	2513	787	2196	1633	1645	3444	2317	1315	2680	1772	935	1012	3698	1836
Th17 cell differentiation	1776	1552	1435	1337	972	2032	1307	1556	745	843	2513	787	2196	1633	1645	3444	2317	1315	2680	1772	935	1012	3698	1836
IL-17 signaling pathway	1776	1552	1435	1337	972	2032	1307	1556	745	843	2513	787	2196	1633	1645	3444	2317	1315	2680	1772	935	1012	3698	1836
Estrogen signaling pathway	1776	1552	1435	1337	972	2032	1307	1556	745	843	2513	787	2196	1633	1645	3444	2317	1315	2680	1772	935	1012	3698	1836
Progesterone-mediated oocyte maturation	1776	1552	1435	1337	972	2032	1307	1556	745	843	2513	787	2196	1633	1645	3444	2317	1315	2680	1772	935	1012	3698	1836
Prostate cancer	1776	1552	1435	1337	972	2032	1307	1556	745	843	2513	787	2196	1633	1645	3444	2317	1315	2680	1772	935	1012	3698	1836
Wnt signaling pathway	0	0	0	0	0	1	0	0	27	5	6	67	3	6	0	106	25	12	0	0	0	2	1	0
Notch signaling pathway	0	0	0	0	0	1	0	0	0	5	6	67	2	0	0	106	25	11	0	0	0	0	0	0
Chronic myeloid leukemia	0	0	0	0	0	1	0	0	0	5	6	67	2	0	0	106	25	11	0	0	0	0	0	0
MAPK signaling pathway - fly	2448	3100	2310	2456	1552	3346	1904	2671	2164	3069	3799	2803	1574	1186	1687	8756	4211	3065	3490	3446	3722	2401	4705	2566
Tight junction	18	129	255	77	116	201	74	113	325	165	167	28	0	1	0	451	0	89	62	165	237	102	83	54
Hepatitis B	897	702	555	470	293	606	458	471	534	746	971	579	353	218	315	2706	1595	785	659	640	559	332	1432	574
Isoflavonoid biosynthesis	1142	1034	462	836	295	1133	700	704	335	1695	1152	1611	577	376	568	3531	3805	2105	1289	1060	641	951	2554	1408
Glycosylphosphatidylinositol (GPI)-anchor biosynthesis	20	36	2	1	0	3	2	0	1	4	5	4	0	0	0	105	0	3	38	0	0	11	44	24
Biosynthesis of type II polyketide backbone	0	23	29	17	564	209	3	3	13	83	6	1	22	8	22	9	2	35	106	63	57	3	18	9
Tetracycline biosynthesis	271	514	366	273	889	923	511	455	376	458	238	247	891	197	562	1902	543	453	1283	1017	1074	443	733	433
Biosynthesis of type II polyketide products	1910	1875	1341	1525	1320	2577	1770	1728	1305	3262	1835	2461	1983	1064	1643	10024	6076	3721	4264	2667	2163	1537	3983	2044
Gastric cancer	0	1	24	9	483	198	0	0	0	1	263	29	32	10	4	1	2	0	2	2	1	0	0	1
Rap1 signaling pathway	0	0	0	0	0	0	0	0	0	0	0	0	0	0	11	0	0	0	0	0	0	0	0	0
Regulation of actin cytoskeleton	0	0	0	0	0	0	0	0	0	0	0	0	0	0	11	0	0	0	0	0	0	0	0	0
Neuroactive ligand-receptor interaction	902	572	223	628	86	349	520	371	257	689	938	652	383	171	135	4294	3277	1931	492	362	376	476	1795	900
Cholesterol metabolism	902	572	223	628	86	349	520	371	257	689	938	652	383	171	135	4294	3277	1931	492	362	376	476	1795	900
Bisphenol degradation	561	682	644	704	342	588	635	619	562	783	563	893	308	313	295	2035	828	733	887	749	779	608	1235	629
Cytochrome P450	2705	2022	967	1824	984	1284	1678	1416	651	2880	3602	3120	3224	3269	2113	6332	7275	4663	3995	771	725	1451	4710	2170
Cell growth	14080	19650	22884	16021	8101	19828	15166	20877	9404	21056	29263	39321	14384	9199	9725	65774	35260	23338	24484	25030	17732	13064	32457	19390
Hedgehog signaling pathway	0	1	0	0	0	0	0	0	0	0	0	0	0	0	0	0	0	0	0	0	0	0	77	0
Hedgehog signaling pathway - fly	0	1	0	0	0	0	0	0	0	0	0	0	0	0	0	0	0	0	0	0	0	0	77	0
Basal cell carcinoma	0	1	0	0	0	0	0	0	0	0	0	0	0	0	0	0	0	0	0	0	0	0	77	0
ECM-receptor interaction	0	0	0	1	0	0	0	1	1	4	2	1	0	0	0	16	12	29	0	0	0	0	0	0
Mineral absorption	4154	3785	1852	3043	1287	1984	3011	2377	1539	9577	8222	11401	921	553	763	29284	19307	11518	5347	2925	3173	2897	7708	4465
Cell motility	747	720	397	1830	375	1029	636	546	546	1819	1006	1010	412	194	516	3127	1210	724	587	653	455	529	1393	813
Phagosome	14	53	214	16	65	137	17	73	16	3	14	1	0	0	0	10	0	0	53	34	17	51	41	29
Vibrio cholerae infection	14	53	214	16	65	163	17	73	16	3	14	50	0	0	0	10	0	0	53	34	17	51	26	29
Pertussis	473	360	173	1177	112	646	197	149	117	190	850	539	530	148	407	3430	1337	500	481	250	155	172	712	304
Glycosphingolipid biosynthesis - globo and isoglobo series	3390	4617	2000	2777	1456	4258	2356	2588	1903	3888	2963	3936	1979	1897	2367	16817	9634	4632	7552	2600	2241	2914	9134	4651
Fanconi anemia pathway	147	176	256	93	99	180	111	145	213	143	152	205	0	1	0	446	2	90	54	332	491	128	142	70
Translation	1079	963	1030	562	487	1695	676	920	1179	1554	2006	1295	751	246	397	7247	2680	1532	1103	1369	1376	639	1723	791
Lipoarabinomannan (LAM) biosynthesis	5347	5633	3546	4211	3519	4684	3806	3932	1938	9274	13137	18412	10171	8694	5943	32580	29325	17922	13381	4214	3478	4465	12779	6586
Autophagy - other	4	0	0	1	1	0	0	1	1	0	2066	2	0	0	0	0	0	0	3	0	3	1	15	1
Kaposi sarcoma-associated herpesvirus infection	883	573	300	393	177	405	384	358	209	581	804	551	353	217	315	2255	1595	696	597	475	322	230	1349	520
Apoptosis - multiple species	879	573	300	393	177	405	384	358	209	581	804	551	353	217	315	2255	1595	696	597	475	322	230	1349	520
p53 signaling pathway	884	573	301	393	177	405	384	359	209	583	806	557	413	306	392	2269	1660	701	597	475	322	230	1350	520
Colorectal cancer	879	573	300	393	177	405	384	358	209	581	804	551	353	217	315	2255	1595	696	597	475	322	230	1349	520
Small cell lung cancer	879	573	300	393	177	405	384	358	209	581	804	551	353	217	315	2255	1595	696	597	475	322	230	1349	520
Viral myocarditis	879	573	300	393	177	405	384	358	209	581	804	551	353	217	315	2255	1595	696	597	475	322	230	1349	520
Human immunodeficiency virus 1 infection	879	573	300	393	177	405	384	358	209	581	804	551	353	217	315	2255	1595	696	597	475	322	230	1349	520
Human cytomegalovirus infection	879	573	300	393	177	405	384	358	209	581	804	551	353	217	315	2255	1595	696	597	475	322	230	1349	520
Toxoplasmosis	879	573	300	393	177	405	384	358	209	581	804	551	353	217	315	2255	1595	696	597	475	322	230	1349	520
Mitophagy - yeast	0	0	2	2	0	0	7	1	3	31	655	499	0	0	0	141	1	37	3	7	13	2	16	2
Lipid metabolism	2297	1853	1205	1289	975	1424	1289	1222	815	2994	2114	3220	2001	2031	1367	4073	5810	3420	2847	1365	1025	1491	3377	1745
Vasopressin-regulated water reabsorption	0	0	0	0	0	0	0	0	0	0	0	0	0	0	0	0	0	0	0	0	0	0	15	0
Spliceosome	9	18	8	9	11	79	10	23	21	6	679	6	1	27	0	42	0	8	6	35	26	20	126	17
Systemic lupus erythematosus	168	279	287	235	376	1217	296	376	431	194	819	352	116	63	86	1798	549	338	574	678	522	351	478	372
Transcriptional misregulation in cancer	0	0	0	0	0	0	0	0	0	0	0	0	0	0	0	93	0	0	0	0	0	0	0	0
Glycosphingolipid biosynthesis - ganglio series	922	1298	575	623	576	2261	638	783	1032	1618	750	822	342	379	716	4540	2801	1342	1871	987	716	815	2495	1029
Cutin, suberine and wax biosynthesis	293	504	397	687	583	1174	837	945	1118	3169	2579	4552	390	359	672	7419	1946	2071	1548	1351	2157	941	1871	959
Bacterial invasion of epithelial cells	23	50	79	48	42	19	25	33	8	41	701	67	0	0	162	405	279	32	38	16	7	32	76	67
Yersinia infection	0	1	0	0	0	0	0	0	2	38	334	65	0	0	0	297	255	31	1	1	0	1	0	0
Staurosporine biosynthesis	74	155	154	102	344	235	243	93	55	129	332	328	646	87	353	777	978	391	660	80	44	57	441	114
Osteoclast differentiation	21	54	11	183	38	305	62	46	76	20	205	105	0	1	73	950	273	165	20	184	79	35	81	59
Rheumatoid arthritis	21	54	11	183	38	305	62	46	76	20	205	105	0	1	73	950	273	165	20	184	79	35	81	59
Cholinergic synapse	0	0	0	0	0	0	0	0	0	71	0	0	0	0	0	0	0	0	0	0	0	0	0	0
Biosynthesis of enediyne antibiotics	1839	4582	3506	2947	2567	8047	5465	5533	5027	6508	3868	3314	5725	1906	4828	25997	7672	6602	7787	7791	6203	3707	6254	3065
Type I polyketide structures	56	305	96	89	71	113	290	151	172	349	568	348	343	164	258	1259	169	263	848	203	321	112	134	80
TNF signaling pathway	0	4	2	5	2	0	3	6	0	0	0	0	55	13	13	0	0	0	1	0	1	5	28	8
Mitophagy - animal	0	4	2	5	2	0	3	6	0	0	0	0	55	13	13	0	0	0	1	0	1	5	28	8
Furfural degradation	88	318	486	238	190	307	466	618	494	504	278	113	65	78	105	1050	42	234	2093	1253	1615	418	409	259
Viral proteins	42	37	28	33	4	60	79	54	17	40	300	208	3	0	0	232	583	288	59	26	29	14	92	20
