Contig	11B-T1-3 Read Count	11B-T1-6 Read Count	11B-T1-9 Read Count	8-T1-3 Read Count	8-T1-6 Read Count	8-T1-9 Read Count	Ex45-T1-3 Read Count	Ex45-T1-6 Read Count	Ex45-T1-9 Read Count	HP-T1-3 Read Count	HP-T1-6 Read Count	HP-T1-9 Read Count	RC-T1-3 Read Count	RC-T1-6 Read Count	RC-T1-9 Read Count	RP-T1-3 Read Count	RP-T1-6 Read Count	RP-T1-9 Read Count	SC-T1-3 Read Count	SC-T1-6 Read Count	SC-T1-9 Read Count	UAB-T1-3 Read Count	UAB-T1-6 Read Count	UAB-T1-9 Read Count
RP-T1-3_k127_2103558	25	30	27	30	4	19	13	22	6	11	16	29	9	10	8	1370	216	259	16	9	27	31	62	29
RP-T1-3_k127_353684	8	8	6	8	1	4	3	6	2	10	10	29	15	2	5	3030	402	523	7	3	0	4	21	12
RP-T1-3_k127_280624	2	3	1	0	0	3	5	2	1	19	5	0	0	9	0	1195	108	0	7	1	1	0	3	4
RP-T1-3_k127_1265795	2	7	5	6	2	3	7	2	26	142	8	18	0	1	0	2193	114	62	10	9	15	8	6	6
RP-T1-3_k127_175146	2	2	2	6	7	21	7	8	16	2	2	0	1	0	1	1301	16	171	4	15	11	2	10	2
RP-T1-3_k127_1759615	0	3	2	0	2	5	4	2	4	3	1	0	0	0	0	1016	8	90	1	1	4	0	2	2
RP-T1-3_k127_1758766	16	15	13	9	13	21	16	13	17	752	456	632	3	9	8	3878	58	218	9	19	13	10	45	15
RP-T1-3_k127_243354	58	92	59	106	36	84	93	96	123	87	41	25	9	24	29	2717	666	627	129	91	187	91	124	52
RP-T1-3_k127_622948	2	7	12	29	7	24	28	19	243	518	123	75	0	1	0	979	165	769	19	34	48	25	17	6
RP-T1-3_k127_647845	7	63	22	29	55	235	35	68	146	17	38	0	3	1	1	2294	22	240	36	86	45	39	118	68
RP-T1-3_k127_1328254	4	1	0	0	0	0	0	0	2	22	1	9	0	0	1	1051	4	14	1	0	0	0	1	0
RP-T1-3_k127_1660831	39	64	21	44	12	44	36	37	45	88	32	129	0	5	3	2431	572	585	31	23	14	38	139	97
RP-T1-3_k127_2099112	8	13	8	14	5	16	16	21	26	22	17	68	1	6	0	2283	445	588	20	49	65	13	21	11
RP-T1-3_k127_932680	2	0	0	0	0	0	0	1	0	20	6	20	0	0	0	1267	113	122	0	1	0	0	0	0
RP-T1-3_k127_779174	22	24	8	14	4	12	14	9	9	12	23	21	3	3	0	840	275	208	15	5	7	10	39	16
RP-T1-6_k127_265696	32	12	3	10	6	6	6	6	5	43	46	59	6	6	1	438	1075	578	9	8	6	10	38	42
RP-T1-6_k127_1963256	28	14	12	5	6	8	4	2	6	228	471	2370	10	10	7	1441	7961	2617	21	3	5	9	24	13
RP-T1-6_k127_168662	40	8	1	15	1	10	3	2	1	478	1603	2392	0	10	7	1581	4324	1831	6	3	0	3	24	14
RP-T1-6_k127_1481604	71	43	24	38	28	44	33	30	33	94	113	148	4	5	4	981	2175	1166	48	47	69	30	94	52
RP-T1-6_k127_910567	72	58	18	36	18	16	9	14	13	85	76	107	22	25	13	192	1004	502	22	17	8	31	108	50
RP-T1-6_k127_1095453	0	1	0	0	0	1	0	0	0	91	84	250	4	0	0	282	1470	699	0	0	0	0	0	0
RP-T1-6_k127_2020785	3	2	1	5	0	1	7	3	5	4	18	22	0	0	0	140	591	218	2	1	0	1	13	4
RP-T1-6_k127_1201713	87	111	41	75	47	84	78	68	62	214	214	349	19	25	31	566	1713	923	100	88	72	70	185	98
RP-T1-6_k127_1732072	0	0	0	0	0	0	0	0	0	0	0	2	0	0	0	251	459	321	0	0	0	0	0	0
RP-T1-6_k127_1677154	15	9	5	5	2	7	3	5	0	71	102	267	1	6	2	514	1895	719	8	3	4	0	19	14
RP-T1-6_k127_243432	351	372	173	262	134	271	174	131	92	289	375	748	168	147	120	943	2736	1271	260	137	120	172	563	318
RP-T1-6_k127_1759777	2	7	6	0	0	1	1	2	2	89	106	981	0	1	0	419	1068	573	5	1	2	6	14	4
RP-T1-6_k127_431197	0	2	0	0	0	0	0	0	0	74	57	261	0	0	0	394	1238	508	2	0	0	0	5	4
RP-T1-6_k127_1953393	1	0	0	0	0	0	0	0	0	0	1	2	0	0	0	439	1013	322	0	0	0	0	0	1
RP-T1-6_k127_1114521	197	118	40	81	36	66	69	41	36	604	1723	2690	48	60	41	1789	5323	2404	87	42	32	81	250	153
RP-T1-6_k127_487767	39	8	4	11	2	10	20	1	32	231	53	144	5	5	3	184	685	333	70	4	28	5	29	23
RP-T1-6_k127_718646	166	88	100	207	46	118	179	120	53	55	12	59	0	0	0	457	917	407	100	70	27	57	322	123
RP-T1-6_k127_689317	30	33	22	27	5	27	26	19	13	124	162	904	25	21	14	547	1276	686	39	33	18	21	63	34
RP-T1-6_k127_1937782	14	3	3	5	2	6	4	0	3	106	143	600	0	8	2	608	2327	1163	13	6	3	2	11	9
RP-T1-6_k127_1564523	1	1	1	0	0	1	1	2	3	2	6	1	0	0	2	249	891	613	0	0	3	2	1	1
RP-T1-6_k127_879985	47	21	14	16	6	19	9	21	10	50	74	103	4	5	11	206	1135	547	18	16	22	17	40	19
RP-T1-6_k127_1070240	109	72	48	62	8	45	92	68	85	215	141	441	3	3	0	1559	2986	1299	163	95	66	47	163	69
RP-T1-9_k127_94720	9	0	1	0	0	0	0	0	0	36	90	260	0	0	0	262	1176	579	1	0	0	1	4	1
RP-T1-9_k127_1065132	0	1	0	0	0	1	0	0	0	54	129	469	0	2	0	214	1358	1260	0	0	0	1	2	7
RP-T1-9_k127_91681	3	18	13	70	17	83	35	22	316	394	70	45	0	0	0	819	145	805	9	13	24	44	36	17
SC-T1-3_k127_31676	0	1	0	1	0	0	0	0	0	0	1	1	0	1	5	0	0	0	867	1	1	1	1	0
SC-T1-3_k127_634	11	32	315	21	82	157	120	362	7	3	2	0	18	17	9	14	2	8	2298	98	22	185	119	87
SC-T1-3_k127_823076	4	52	96	0	7	3	51	51	0	0	0	0	0	0	0	0	0	0	1000	87	36	29	19	13
SC-T1-3_k127_734542	16	25	26	16	48	28	24	19	13	5	9	6	29	54	25	2	2	6	1119	14	7	21	18	15
SC-T1-3_k127_242558	48	83	92	54	147	72	63	54	72	36	22	16	106	144	74	28	20	43	1196	56	19	61	102	38
SC-T1-3_k127_182429	9	92	298	29	82	80	78	158	6	1	0	1	64	32	12	1	0	2	1233	163	74	70	43	16
SC-T1-3_k127_77686	7	1	0	2	2	4	2	1	0	4	3	3	4	0	2	1	3	0	1622	0	8	0	6	1
SC-T1-3_k127_1023492	147	157	99	130	78	139	100	78	56	87	105	146	77	54	42	131	257	148	1370	85	78	100	301	189
SC-T1-3_k127_561277	0	2	4	0	12	7	0	3	0	2	2	0	14	3	6	1	1	2	1402	2	1	2	3	0
SC-T1-3_k127_246178	7	95	296	33	387	225	70	174	2	1	2	5	33	25	9	7	5	2	1907	209	80	57	58	26
SC-T1-3_k127_853096	49	88	307	52	151	260	228	644	26	30	27	16	27	59	29	20	22	12	3754	203	68	318	232	189
SC-T1-3_k127_47800	6	18	18	14	15	19	11	12	12	10	2	3	6	11	13	14	5	7	794	17	6	15	18	13
SC-T1-3_k127_501952	51	94	451	66	251	325	276	816	18	10	15	19	46	48	33	9	29	20	5468	290	65	484	293	229
SC-T1-3_k127_1110081	163	138	87	102	83	139	103	88	48	82	120	156	134	109	76	151	322	159	3412	70	71	102	286	136
SC-T1-3_k127_177542	0	0	0	0	1	0	0	0	0	0	0	0	1	1	0	0	0	0	1091	0	0	0	0	0
SC-T1-3_k127_344036	1	0	0	0	0	0	0	0	2	0	0	0	0	0	0	0	0	0	773	0	0	0	0	0
SC-T1-3_k127_85119	10	36	157	17	64	57	39	97	2	5	2	0	27	16	9	0	0	0	1061	118	64	46	24	24
SC-T1-3_k127_670092	17	112	130	27	18	29	63	104	7	9	4	2	9	8	12	14	2	3	1018	114	59	45	77	43
SC-T1-3_k127_868660	4	5	3	4	5	3	6	2	2	3	3	1	4	2	0	10	9	11	1124	2	3	6	9	0
SC-T1-3_k127_255237	67	63	54	42	39	55	28	38	11	9	9	3	66	40	40	15	7	12	1777	34	23	26	101	56
SC-T1-3_k127_567707	0	0	1	0	0	0	0	0	0	0	0	0	0	1	0	0	0	0	822	1	0	0	0	0
SC-T1-3_k127_492331	54	176	283	67	104	80	133	290	60	84	129	157	38	37	43	104	67	66	1998	293	202	110	139	79
SC-T1-3_k127_953376	156	91	62	65	60	94	58	48	67	71	129	128	91	94	113	247	274	169	1832	54	53	49	133	64
SC-T1-3_k127_461952	13	58	98	42	42	65	54	106	26	19	35	1	3	6	2	1	0	9	2597	42	80	80	73	31
SC-T1-3_k127_25775	137	263	305	157	202	222	184	236	99	125	110	193	129	105	71	151	243	153	1375	296	189	140	370	177
SC-T1-3_k127_63663	10	58	152	14	11	19	43	134	0	1	0	1	0	0	1	0	1	2	1068	124	65	29	27	21
SC-T1-3_k127_1022113	17	26	13	17	12	13	13	8	6	29	12	25	11	11	14	15	37	24	1143	6	6	17	45	31
SC-T1-3_k127_226907	3	3	3	2	1	7	1	2	4	4	0	1	23	21	16	2	3	7	781	10	12	5	3	2
SC-T1-3_k127_822506	61	137	132	106	114	163	116	150	79	93	101	54	64	69	98	72	53	55	1645	204	218	155	187	120
SC-T1-3_k127_234076	9	70	210	21	34	42	77	164	1	3	3	4	13	8	4	0	0	0	1309	178	75	58	41	18
SC-T1-3_k127_149557	1	6	2	2	5	3	3	3	3	0	1	2	0	1	3	0	3	0	897	4	3	0	3	4
SC-T1-3_k127_601050	8	66	146	13	10	11	54	150	1	3	3	5	1	3	2	2	1	6	1209	147	50	23	21	22
SC-T1-3_k127_786452	6	15	16	12	12	14	10	14	10	14	8	3	14	11	14	8	11	9	872	8	9	10	14	14
SC-T1-3_k127_1079232	16	14	11	25	9	16	13	11	5	10	21	15	19	11	25	23	60	27	1498	17	9	30	26	17
SC-T1-3_k127_104701	13	116	224	30	26	33	95	256	9	4	14	12	6	20	10	8	12	5	1901	236	118	71	56	73
SC-T1-3_k127_260630	44	167	267	40	47	67	120	191	6	27	16	34	57	56	37	23	32	24	2136	252	137	93	93	75
SC-T1-3_k127_127432	5	49	112	15	11	14	38	82	1	8	3	5	1	3	2	2	2	1	1152	142	67	23	18	19
SC-T1-3_k127_1105723	0	4	8	153	1	0	0	2	0	8	1	0	1	1	0	0	0	0	710	7	1	9	0	40
SC-T1-3_k127_730379	84	118	144	89	108	140	67	108	51	73	78	66	89	99	73	99	95	63	964	68	58	99	223	115
SC-T1-3_k127_743647	2	6	3	1	6	7	3	5	5	1	0	3	4	6	3	0	0	2	1357	2	3	2	11	3
SC-T1-3_k127_530657	145	176	153	186	127	192	109	128	112	174	256	248	152	196	136	298	187	135	3269	175	153	146	279	146
SC-T1-3_k127_167356	0	0	0	0	0	0	0	1	0	0	0	0	0	0	0	0	0	0	702	0	0	1	0	0
SC-T1-3_k127_1064654	30	57	33	34	29	36	35	32	29	42	32	29	44	46	37	62	46	32	1340	28	38	25	64	27
SC-T1-3_k127_607320	224	216	106	169	94	159	144	109	108	139	142	189	173	144	111	198	449	247	1461	75	77	120	423	242
SC-T1-3_k127_216863	0	5	2	5	2	4	2	4	3	5	0	7	0	1	3	18	3	2	1481	4	1	1	1	1
SC-T1-3_k127_459616	49	102	67	107	50	111	65	103	84	131	106	75	31	41	58	101	87	80	870	176	209	119	170	84
SC-T1-3_k127_227779	9	12	6	9	13	15	4	8	3	6	9	11	11	10	10	7	6	8	1123	3	4	5	12	8
SC-T1-3_k127_66921	0	2	8	2	0	1	0	0	0	0	1	0	10	9	4	0	2	2	1513	1	0	4	3	3
SC-T1-3_k127_296696	8	34	92	14	18	4	32	116	0	0	0	0	0	0	2	0	0	0	895	93	34	25	18	12
SC-T1-3_k127_441408	52	69	68	57	53	90	58	58	39	56	66	77	19	25	25	130	130	71	985	63	68	70	96	69
SC-T1-3_k127_427912	10	96	184	11	33	17	65	157	0	4	1	6	21	14	12	3	1	0	1402	154	64	36	38	23
SC-T1-3_k127_690132	74	154	247	55	77	64	112	221	22	51	36	53	62	48	50	65	126	85	1603	170	85	106	160	95
SC-T1-3_k127_163043	337	432	274	409	226	394	276	242	182	277	287	445	231	152	114	527	831	481	1413	248	193	233	826	473
SC-T1-3_k127_624816	37	31	21	24	28	27	13	22	11	30	22	17	15	21	22	29	55	33	1644	14	13	18	69	26
SC-T1-3_k127_194424	16	15	17	25	10	18	9	14	11	5	3	3	4	0	5	4	3	5	1290	24	10	17	24	10
SC-T1-3_k127_561981	2	3	3	3	0	0	5	7	5	5	5	4	9	3	3	13	15	6	2381	4	3	5	11	7
SC-T1-3_k127_213245	137	164	145	127	108	170	93	81	88	102	124	112	110	76	104	204	159	139	1221	104	73	115	306	151
SC-T1-3_k127_985991	53	57	45	35	36	55	30	29	39	49	60	34	22	32	29	79	47	30	802	47	35	48	79	38
SC-T1-3_k127_1057698	9	8	9	10	4	13	8	6	6	8	4	0	11	8	17	7	7	7	1708	10	9	15	16	13
SC-T1-3_k127_632660	341	470	391	329	260	330	286	331	166	261	275	466	260	187	182	453	868	460	1694	383	280	244	670	402
SC-T1-6_k127_720975	1	5	6	11	11	45	18	45	15	4	4	2	0	0	0	5	0	4	15	2810	31	9	36	14
SC-T1-6_k127_948687	55	82	67	56	48	136	61	76	60	29	43	20	30	34	43	67	29	32	79	1209	86	57	132	94
SC-T1-6_k127_21126	0	4	0	0	0	1	1	7	0	1	1	0	0	0	0	0	0	5	2	1737	0	0	1	0
SC-T1-6_k127_458071	4	8	11	16	37	101	25	29	20	0	0	0	1	0	0	0	0	0	13	743	65	28	75	55
UAB-T1-6_k127_219235	0	0	0	72	0	0	5	15	15	0	90	0	0	0	0	0	0	0	437	62	162	0	1754	1
UAB-T1-6_k127_130455	0	0	0	0	0	0	0	3	0	0	18	0	0	0	0	0	0	0	84	6	10	0	1925	1
UAB-T1-6_k127_697090	607	96	28	235	25	114	238	110	59	37	9	20	20	6	18	9	20	7	148	47	41	107	609	314
UAB-T1-6_k127_384601	11	18	4	3	2	6	6	18	2	0	0	0	46	27	11	0	0	0	2	0	3	2	183	3
UAB-T1-6_k127_1234881	5	18	1	22	1	5	8	7	0	1	1	2	0	0	0	0	4	1	4	1	0	7	72	40
UAB-T1-6_k127_1060950	133	140	60	147	39	92	185	106	186	154	167	264	7	11	4	218	375	203	116	93	84	103	1433	266
UAB-T1-6_k127_284708	239	235	178	191	103	219	183	187	184	244	298	299	126	90	88	507	615	370	258	188	158	169	1655	312
UAB-T1-9_k127_419732	830	1342	521	328	67	114	281	314	10	39	13	14	41	54	31	28	19	18	145	63	38	1296	1428	1445
UAB-T1-9_k127_120282	557	1051	328	216	28	86	222	249	52	26	27	38	22	24	13	29	50	32	94	80	65	1018	1019	1035
11B-T1-3_k127_285612	829	104	46	72	30	71	59	40	72	60	73	59	22	29	43	149	182	120	72	47	35	41	139	76
11B-T1-3_k127_968458	3213	2273	302	1098	140	282	188	114	44	107	61	76	31	35	48	96	109	56	78	43	45	469	672	517
11B-T1-3_k127_390147	776	60	20	31	8	31	24	12	36	53	32	39	9	11	10	59	99	31	44	18	28	20	80	43
11B-T1-3_k127_948439	725	493	71	231	25	45	61	46	5	2	10	21	7	12	5	8	35	14	21	12	2	143	194	158
11B-T1-6_k127_904072	0	782	2	1	0	21	14	8	21	0	0	0	0	0	0	0	0	10	5	24	0	5	17	10
11B-T1-6_k127_1177313	0	757	6	4	9	36	2	11	17	3	2	0	0	0	0	3	0	2	7	13	8	4	18	8
11B-T1-6_k127_510359	0	634	1	5	0	0	3	5	2	2	0	0	0	0	0	2	0	1	0	0	0	0	3	2
11B-T1-6_k127_1110738	34	902	19	44	22	38	7	15	11	1	1	0	24	236	7	0	1	1	3	4	0	13	61	17
11B-T1-6_k127_938349	4	1021	43	19	93	288	21	72	36	3	2	1	0	3	0	9	1	0	29	152	60	15	65	34
11B-T1-6_k127_1036172	2	727	2	2	8	16	1	6	3	1	0	1	0	0	0	1	4	0	0	2	3	1	3	1
11B-T1-6_k127_520005	0	907	13	10	29	83	6	41	17	4	2	0	0	7	0	1	0	0	6	18	5	6	15	13
11B-T1-6_k127_97140	602	537	68	211	18	53	37	36	2	8	5	17	12	8	3	16	24	17	14	16	15	128	154	130
11B-T1-6_k127_660863	1787	1221	158	679	67	199	100	78	45	54	90	117	14	13	10	109	183	103	85	39	41	247	451	329
11B-T1-6_k127_436078	0	707	9	3	5	25	2	8	3	0	0	0	0	0	0	0	0	0	1	2	1	4	6	4
8-T1-6_k127_283000	5	23	131	33	1897	841	2	7	1	4	1	2	185	57	2	0	0	2	23	10	10	6	4	8
8-T1-6_k127_158990	10	21	103	28	1383	601	8	15	7	3	5	3	100	49	20	7	21	3	37	10	6	10	24	11
8-T1-6_k127_162707	9	29	277	46	2036	860	35	62	17	10	13	5	560	415	191	13	11	13	217	65	89	22	44	33
8-T1-6_k127_99016	5	12	122	18	1368	659	3	11	1	11	7	4	129	58	15	1	4	7	37	7	9	8	7	12
8-T1-6_k127_156082	9	22	115	54	2104	936	3	3	5	9	5	8	160	57	4	14	18	14	6	4	2	5	14	6
8-T1-6_k127_337061	60	118	278	134	2765	1243	61	75	71	92	67	49	272	177	49	126	67	78	167	63	73	70	130	67
8-T1-6_k127_139988	4	13	84	23	1161	536	4	9	2	1	4	0	197	113	47	0	0	0	61	12	4	11	7	8
8-T1-6_k127_226792	5	9	127	31	1699	795	5	5	5	7	3	5	130	54	2	12	1	2	24	8	8	10	13	5
8-T1-6_k127_95242	6	14	120	31	1042	515	6	16	7	10	4	2	151	58	25	7	4	2	64	15	12	21	17	14
8-T1-6_k127_292798	58	139	263	102	2764	1192	56	61	50	42	53	52	271	132	69	112	100	67	164	78	59	62	172	114
8-T1-6_k127_242958	20	91	236	86	1302	685	76	110	81	13	28	11	72	35	34	8	3	5	351	215	182	106	100	70
8-T1-6_k127_252547	90	191	265	141	1448	692	64	93	17	12	9	13	231	131	44	18	39	18	242	73	42	113	208	128
8-T1-6_k127_217740	153	176	333	181	4659	1922	55	60	94	103	125	100	230	99	66	99	156	88	141	60	42	80	229	125
8-T1-6_k127_294475	14	29	86	33	1079	459	20	11	34	5	7	15	130	42	14	18	9	0	21	10	4	7	23	15
8-T1-6_k127_232813	554	774	542	538	2123	1378	367	365	369	506	500	492	437	295	259	835	828	566	560	489	391	377	946	526
8-T1-6_k127_339026	116	140	251	128	1913	854	107	153	38	73	80	87	234	139	59	118	210	152	566	119	110	129	233	129
8-T1-6_k127_338439	70	75	109	68	1152	574	41	27	21	36	53	100	104	70	19	68	138	98	81	21	23	30	141	56
8-T1-9_k127_384206	17	51	117	54	1439	698	17	17	18	22	16	41	129	56	26	46	60	29	82	13	19	25	58	28
HP-T1-3_k127_908076	12	12	8	13	3	8	4	4	6	2404	23	12	4	1	7	22	32	10	2	4	3	9	30	16
HP-T1-3_k127_612488	4	4	5	29	27	33	84	45	26	3636	20	0	0	0	1	1	0	3	40	21	14	23	62	33
HP-T1-3_k127_661173	27	43	28	32	21	36	13	28	39	6140	126	70	19	22	26	84	19	16	35	33	30	15	57	30
HP-T1-3_k127_237953	44	66	70	63	31	79	67	55	50	683	45	53	19	28	25	127	68	64	128	54	56	64	102	70
HP-T1-3_k127_254926	101	84	49	68	27	60	38	30	25	2163	227	194	22	38	18	236	187	96	79	35	22	37	156	107
HP-T1-3_k127_118729	60	72	41	45	19	41	41	33	33	1920	49	72	30	20	24	66	140	67	51	41	26	35	89	39
HP-T1-3_k127_903659	2	0	1	1	0	0	1	2	4	1917	17	4	1	0	0	4	1	2	2	2	2	0	1	3
HP-T1-6_k127_110633	0	0	0	0	0	0	0	0	0	0	8365	27	0	0	0	0	0	0	5	3	1	0	0	2
HP-T1-6_k127_1184122	1	0	0	0	0	1	0	8	1	0	17278	39	0	0	0	0	0	0	37	30	33	0	0	7
HP-T1-6_k127_166964	16	10	1	3	1	2	2	0	1	161	518	747	2	2	3	493	1450	630	0	2	1	2	11	9
HP-T1-6_k127_532691	28	21	15	15	11	22	9	11	8	144	1749	881	28	20	21	98	104	37	23	11	8	11	45	22
HP-T1-6_k127_796044	23	17	13	13	17	27	12	6	11	149	2107	1117	48	23	43	70	69	22	12	4	2	2	16	7
HP-T1-6_k127_183432	0	3	0	2	0	0	0	0	0	0	40221	118	0	0	0	0	0	0	162	133	82	0	0	94
HP-T1-6_k127_294656	0	1	0	0	0	0	0	12	1	0	23906	80	0	0	0	0	0	0	98	56	35	0	11	6
HP-T1-6_k127_605466	3	3	1	1	5	3	1	2	1	80	1229	605	9	6	19	34	34	6	2	3	3	0	5	1
HP-T1-6_k127_50417	0	0	0	0	0	0	0	1	1	0	3549	7	0	0	0	0	0	0	9	3	4	0	0	1
HP-T1-6_k127_181582	1	0	2	0	0	0	0	3	7	0	29837	54	0	0	0	0	0	0	57	33	34	0	0	40
HP-T1-6_k127_816158	152	142	77	58	70	108	35	42	63	90	819	137	87	72	97	127	155	89	109	56	31	42	138	90
HP-T1-6_k127_918630	33	36	17	37	15	33	12	15	26	520	1889	1477	42	35	30	77	94	52	30	16	25	18	67	20
HP-T1-6_k127_410863	24	33	17	24	20	28	19	14	21	325	1161	972	8	8	19	40	77	63	32	26	27	22	37	24
HP-T1-6_k127_518248	0	0	0	0	0	0	0	0	0	0	924	8	0	0	0	0	0	0	0	0	0	0	0	0
HP-T1-6_k127_762727	2	9	1	1	2	1	2	2	3	7	1645	23	1	0	1	29	14	9	5	5	2	1	5	4
HP-T1-6_k127_1202427	0	0	1	0	0	0	3	2	0	17	2478	6573	0	0	4	12	0	3	3	8	7	1	1	2
HP-T1-6_k127_1153828	47	48	32	49	47	62	34	56	80	131	1487	732	32	34	64	197	82	107	55	78	72	57	79	52
HP-T1-9_k127_508949	29	9	4	10	3	9	2	1	1	225	719	1003	0	5	4	737	1907	898	2	2	1	4	22	16
HP-T1-9_k127_1145831	11	0	2	2	2	0	0	0	3	135	313	1260	6	1	3	918	4207	1462	16	2	6	3	7	1
HP-T1-9_k127_802310	13	12	1	4	12	3	1	1	0	20	2775	8030	5	3	2	33	19	16	3	3	1	4	12	6
HP-T1-9_k127_883720	11	10	5	7	8	17	15	6	16	79	1225	2878	4	4	7	99	22	38	16	21	11	6	17	8
HP-T1-9_k127_92795	7	7	7	5	2	7	2	2	3	7	502	2688	2	3	1	20	13	11	3	1	0	1	7	3
HP-T1-9_k127_434091	1	0	1	1	2	4	1	0	7	30	778	1968	1	0	1	44	10	14	4	4	11	1	5	0
HP-T1-9_k127_734840	1	0	0	0	0	0	0	0	0	2	676	2155	0	0	0	1	0	0	0	0	0	0	2	0
HP-T1-9_k127_916697	41	48	32	38	28	40	23	31	41	72	700	1929	19	24	28	141	77	67	68	42	54	25	86	60
HP-T1-9_k127_1031382	31	56	47	54	42	77	31	51	56	93	3813	11665	45	37	35	133	35	45	109	61	71	45	75	44
HP-T1-9_k127_1143222	2	0	0	0	0	0	0	0	0	15	4014	12289	0	0	0	3	0	0	0	0	0	0	0	0
HP-T1-9_k127_522045	111	160	85	112	38	97	122	123	47	154	284	1064	71	63	34	153	208	119	127	74	65	129	381	204
RC-T1-3_k127_317054	0	0	0	0	0	0	0	0	0	0	0	0	644	281	48	0	0	1	0	0	0	0	0	0
RC-T1-3_k127_40101	6	5	22	9	32	25	9	6	10	6	8	3	800	556	356	8	8	9	32	11	15	9	11	5
RC-T1-3_k127_387592	0	1	3	1	1	1	0	0	0	3	0	0	639	1	3	0	0	2	0	2	0	1	0	0
RC-T1-3_k127_739934	1	2	5	1	1	2	0	1	2	1	2	1	1224	474	80	1	2	1	6	0	1	0	5	2
RC-T1-3_k127_570765	3	3	3	1	0	1	0	0	0	0	0	2	595	313	39	0	0	2	5	1	0	0	2	1
RC-T1-3_k127_849532	199	200	100	183	100	205	142	121	158	243	255	237	633	63	73	378	402	282	162	152	115	141	369	178
RC-T1-3_k127_19291	70	88	70	86	65	119	77	95	88	95	98	85	732	94	123	152	35	46	121	89	82	90	113	63
RC-T1-3_k127_32300	58	72	42	28	54	49	29	28	50	44	70	50	1698	729	188	70	101	43	101	30	32	38	104	43
RC-T1-3_k127_542677	7	12	3	9	6	12	2	9	5	9	10	5	727	5	6	9	1	6	11	8	7	12	10	5
RC-T1-3_k127_467705	13	4	4	4	6	3	0	0	0	1	2	0	1056	448	79	0	0	2	5	2	0	2	1	2
RC-T1-3_k127_303971	0	1	7	4	13	12	6	10	4	1	2	2	759	558	277	4	3	1	48	5	12	6	1	4
RC-T1-3_k127_506943	68	82	57	52	48	64	30	44	29	71	56	82	1072	531	152	68	126	66	69	27	29	46	119	68
RC-T1-6_k127_58610	1	2	2	3	0	5	5	8	1	6	2	5	76	1066	131	3	1	2	2	2	2	1	4	3
RC-T1-9_k127_787826	6	13	10	8	1	4	1	2	1	1	2	0	413	282	741	3	4	3	7	9	5	2	15	5
RC-T1-9_k127_8007	0	1	5	0	0	2	6	2	16	0	0	0	0	6	888	0	0	0	0	0	0	3	1	1
RC-T1-9_k127_354979	1	2	5	0	5	0	0	3	0	0	0	0	17	5	1046	0	0	0	0	0	0	7	4	1
RC-T1-9_k127_675902	1	0	15	1	17	4	1	0	1	0	0	2	4	6	3916	0	0	0	2	8	0	2	1	1
RC-T1-9_k127_759463	0	0	0	0	1	0	0	0	0	0	0	0	522	341	795	1	0	0	0	0	0	0	0	0
RC-T1-9_k127_777842	0	1	0	0	0	0	0	2	1	0	1	0	0	0	1135	0	0	0	0	0	1	0	1	0
RC-T1-9_k127_372451	2	8	4	3	7	14	7	9	25	0	0	0	8	4	876	0	0	0	4	9	4	8	4	9
SC-T1-3_k127_612414	14	19	52	33	70	75	13	27	14	7	7	3	13	17	15	8	11	8	873	19	13	26	42	42
SC-T1-3_k127_740408	9	20	15	21	28	23	8	7	3	4	4	1	47	52	68	3	5	4	1747	11	5	13	27	10
SC-T1-6_k127_659841	0	2	9	8	6	40	6	10	3	0	0	0	0	0	0	0	0	0	3	966	7	2	4	3
SC-T1-6_k127_98400	0	2	0	1	2	42	12	11	0	1	0	0	0	0	0	0	0	0	5	1283	4	0	4	7
SC-T1-6_k127_944388	0	5	6	1	0	21	11	4	5	0	0	0	0	0	0	0	0	0	9	1810	6	2	4	3
